Latin Square 0:
0, 1, 2, 3, 4, 5, 6, 7, 8, 9, 10, 11, 12, 13, 14, 15, 16, 17, 18, 19, 20, 21, 22, 
1, 2, 3, 4, 5, 6, 7, 8, 9, 10, 11, 12, 13, 14, 15, 16, 17, 18, 19, 20, 21, 22, 0, 
2, 3, 4, 5, 6, 7, 8, 9, 10, 11, 12, 13, 14, 15, 16, 17, 18, 19, 20, 21, 22, 0, 1, 
3, 4, 5, 6, 7, 8, 9, 10, 11, 12, 13, 14, 15, 16, 17, 18, 19, 20, 21, 22, 0, 1, 2, 
4, 5, 6, 7, 8, 9, 10, 11, 12, 13, 14, 15, 16, 17, 18, 19, 20, 21, 22, 0, 1, 2, 3, 
5, 6, 7, 8, 9, 10, 11, 12, 13, 14, 15, 16, 17, 18, 19, 20, 21, 22, 0, 1, 2, 3, 4, 
6, 7, 8, 9, 10, 11, 12, 13, 14, 15, 16, 17, 18, 19, 20, 21, 22, 0, 1, 2, 3, 4, 5, 
7, 8, 9, 10, 11, 12, 13, 14, 15, 16, 17, 18, 19, 20, 21, 22, 0, 1, 2, 3, 4, 5, 6, 
8, 9, 10, 11, 12, 13, 14, 15, 16, 17, 18, 19, 20, 21, 22, 0, 1, 2, 3, 4, 5, 6, 7, 
9, 10, 11, 12, 13, 14, 15, 16, 17, 18, 19, 20, 21, 22, 0, 1, 2, 3, 4, 5, 6, 7, 8, 
10, 11, 12, 13, 14, 15, 16, 17, 18, 19, 20, 21, 22, 0, 1, 2, 3, 4, 5, 6, 7, 8, 9, 
11, 12, 13, 14, 15, 16, 17, 18, 19, 20, 21, 22, 0, 1, 2, 3, 4, 5, 6, 7, 8, 9, 10, 
12, 13, 14, 15, 16, 17, 18, 19, 20, 21, 22, 0, 1, 2, 3, 4, 5, 6, 7, 8, 9, 10, 11, 
13, 14, 15, 16, 17, 18, 19, 20, 21, 22, 0, 1, 2, 3, 4, 5, 6, 7, 8, 9, 10, 11, 12, 
14, 15, 16, 17, 18, 19, 20, 21, 22, 0, 1, 2, 3, 4, 5, 6, 7, 8, 9, 10, 11, 12, 13, 
15, 16, 17, 18, 19, 20, 21, 22, 0, 1, 2, 3, 4, 5, 6, 7, 8, 9, 10, 11, 12, 13, 14, 
16, 17, 18, 19, 20, 21, 22, 0, 1, 2, 3, 4, 5, 6, 7, 8, 9, 10, 11, 12, 13, 14, 15, 
17, 18, 19, 20, 21, 22, 0, 1, 2, 3, 4, 5, 6, 7, 8, 9, 10, 11, 12, 13, 14, 15, 16, 
18, 19, 20, 21, 22, 0, 1, 2, 3, 4, 5, 6, 7, 8, 9, 10, 11, 12, 13, 14, 15, 16, 17, 
19, 20, 21, 22, 0, 1, 2, 3, 4, 5, 6, 7, 8, 9, 10, 11, 12, 13, 14, 15, 16, 17, 18, 
20, 21, 22, 0, 1, 2, 3, 4, 5, 6, 7, 8, 9, 10, 11, 12, 13, 14, 15, 16, 17, 18, 19, 
21, 22, 0, 1, 2, 3, 4, 5, 6, 7, 8, 9, 10, 11, 12, 13, 14, 15, 16, 17, 18, 19, 20, 
22, 0, 1, 2, 3, 4, 5, 6, 7, 8, 9, 10, 11, 12, 13, 14, 15, 16, 17, 18, 19, 20, 21, 

Latin Square 1:
0, 2, 4, 6, 8, 10, 12, 14, 16, 18, 20, 22, 1, 3, 5, 7, 9, 11, 13, 15, 17, 19, 21, 
1, 3, 5, 7, 9, 11, 13, 15, 17, 19, 21, 0, 2, 4, 6, 8, 10, 12, 14, 16, 18, 20, 22, 
2, 4, 6, 8, 10, 12, 14, 16, 18, 20, 22, 1, 3, 5, 7, 9, 11, 13, 15, 17, 19, 21, 0, 
3, 5, 7, 9, 11, 13, 15, 17, 19, 21, 0, 2, 4, 6, 8, 10, 12, 14, 16, 18, 20, 22, 1, 
4, 6, 8, 10, 12, 14, 16, 18, 20, 22, 1, 3, 5, 7, 9, 11, 13, 15, 17, 19, 21, 0, 2, 
5, 7, 9, 11, 13, 15, 17, 19, 21, 0, 2, 4, 6, 8, 10, 12, 14, 16, 18, 20, 22, 1, 3, 
6, 8, 10, 12, 14, 16, 18, 20, 22, 1, 3, 5, 7, 9, 11, 13, 15, 17, 19, 21, 0, 2, 4, 
7, 9, 11, 13, 15, 17, 19, 21, 0, 2, 4, 6, 8, 10, 12, 14, 16, 18, 20, 22, 1, 3, 5, 
8, 10, 12, 14, 16, 18, 20, 22, 1, 3, 5, 7, 9, 11, 13, 15, 17, 19, 21, 0, 2, 4, 6, 
9, 11, 13, 15, 17, 19, 21, 0, 2, 4, 6, 8, 10, 12, 14, 16, 18, 20, 22, 1, 3, 5, 7, 
10, 12, 14, 16, 18, 20, 22, 1, 3, 5, 7, 9, 11, 13, 15, 17, 19, 21, 0, 2, 4, 6, 8, 
11, 13, 15, 17, 19, 21, 0, 2, 4, 6, 8, 10, 12, 14, 16, 18, 20, 22, 1, 3, 5, 7, 9, 
12, 14, 16, 18, 20, 22, 1, 3, 5, 7, 9, 11, 13, 15, 17, 19, 21, 0, 2, 4, 6, 8, 10, 
13, 15, 17, 19, 21, 0, 2, 4, 6, 8, 10, 12, 14, 16, 18, 20, 22, 1, 3, 5, 7, 9, 11, 
14, 16, 18, 20, 22, 1, 3, 5, 7, 9, 11, 13, 15, 17, 19, 21, 0, 2, 4, 6, 8, 10, 12, 
15, 17, 19, 21, 0, 2, 4, 6, 8, 10, 12, 14, 16, 18, 20, 22, 1, 3, 5, 7, 9, 11, 13, 
16, 18, 20, 22, 1, 3, 5, 7, 9, 11, 13, 15, 17, 19, 21, 0, 2, 4, 6, 8, 10, 12, 14, 
17, 19, 21, 0, 2, 4, 6, 8, 10, 12, 14, 16, 18, 20, 22, 1, 3, 5, 7, 9, 11, 13, 15, 
18, 20, 22, 1, 3, 5, 7, 9, 11, 13, 15, 17, 19, 21, 0, 2, 4, 6, 8, 10, 12, 14, 16, 
19, 21, 0, 2, 4, 6, 8, 10, 12, 14, 16, 18, 20, 22, 1, 3, 5, 7, 9, 11, 13, 15, 17, 
20, 22, 1, 3, 5, 7, 9, 11, 13, 15, 17, 19, 21, 0, 2, 4, 6, 8, 10, 12, 14, 16, 18, 
21, 0, 2, 4, 6, 8, 10, 12, 14, 16, 18, 20, 22, 1, 3, 5, 7, 9, 11, 13, 15, 17, 19, 
22, 1, 3, 5, 7, 9, 11, 13, 15, 17, 19, 21, 0, 2, 4, 6, 8, 10, 12, 14, 16, 18, 20, 

Latin Square 2:
0, 3, 6, 9, 12, 15, 18, 21, 1, 4, 7, 10, 13, 16, 19, 22, 2, 5, 8, 11, 14, 17, 20, 
1, 4, 7, 10, 13, 16, 19, 22, 2, 5, 8, 11, 14, 17, 20, 0, 3, 6, 9, 12, 15, 18, 21, 
2, 5, 8, 11, 14, 17, 20, 0, 3, 6, 9, 12, 15, 18, 21, 1, 4, 7, 10, 13, 16, 19, 22, 
3, 6, 9, 12, 15, 18, 21, 1, 4, 7, 10, 13, 16, 19, 22, 2, 5, 8, 11, 14, 17, 20, 0, 
4, 7, 10, 13, 16, 19, 22, 2, 5, 8, 11, 14, 17, 20, 0, 3, 6, 9, 12, 15, 18, 21, 1, 
5, 8, 11, 14, 17, 20, 0, 3, 6, 9, 12, 15, 18, 21, 1, 4, 7, 10, 13, 16, 19, 22, 2, 
6, 9, 12, 15, 18, 21, 1, 4, 7, 10, 13, 16, 19, 22, 2, 5, 8, 11, 14, 17, 20, 0, 3, 
7, 10, 13, 16, 19, 22, 2, 5, 8, 11, 14, 17, 20, 0, 3, 6, 9, 12, 15, 18, 21, 1, 4, 
8, 11, 14, 17, 20, 0, 3, 6, 9, 12, 15, 18, 21, 1, 4, 7, 10, 13, 16, 19, 22, 2, 5, 
9, 12, 15, 18, 21, 1, 4, 7, 10, 13, 16, 19, 22, 2, 5, 8, 11, 14, 17, 20, 0, 3, 6, 
10, 13, 16, 19, 22, 2, 5, 8, 11, 14, 17, 20, 0, 3, 6, 9, 12, 15, 18, 21, 1, 4, 7, 
11, 14, 17, 20, 0, 3, 6, 9, 12, 15, 18, 21, 1, 4, 7, 10, 13, 16, 19, 22, 2, 5, 8, 
12, 15, 18, 21, 1, 4, 7, 10, 13, 16, 19, 22, 2, 5, 8, 11, 14, 17, 20, 0, 3, 6, 9, 
13, 16, 19, 22, 2, 5, 8, 11, 14, 17, 20, 0, 3, 6, 9, 12, 15, 18, 21, 1, 4, 7, 10, 
14, 17, 20, 0, 3, 6, 9, 12, 15, 18, 21, 1, 4, 7, 10, 13, 16, 19, 22, 2, 5, 8, 11, 
15, 18, 21, 1, 4, 7, 10, 13, 16, 19, 22, 2, 5, 8, 11, 14, 17, 20, 0, 3, 6, 9, 12, 
16, 19, 22, 2, 5, 8, 11, 14, 17, 20, 0, 3, 6, 9, 12, 15, 18, 21, 1, 4, 7, 10, 13, 
17, 20, 0, 3, 6, 9, 12, 15, 18, 21, 1, 4, 7, 10, 13, 16, 19, 22, 2, 5, 8, 11, 14, 
18, 21, 1, 4, 7, 10, 13, 16, 19, 22, 2, 5, 8, 11, 14, 17, 20, 0, 3, 6, 9, 12, 15, 
19, 22, 2, 5, 8, 11, 14, 17, 20, 0, 3, 6, 9, 12, 15, 18, 21, 1, 4, 7, 10, 13, 16, 
20, 0, 3, 6, 9, 12, 15, 18, 21, 1, 4, 7, 10, 13, 16, 19, 22, 2, 5, 8, 11, 14, 17, 
21, 1, 4, 7, 10, 13, 16, 19, 22, 2, 5, 8, 11, 14, 17, 20, 0, 3, 6, 9, 12, 15, 18, 
22, 2, 5, 8, 11, 14, 17, 20, 0, 3, 6, 9, 12, 15, 18, 21, 1, 4, 7, 10, 13, 16, 19, 

Latin Square 3:
0, 4, 8, 12, 16, 20, 1, 5, 9, 13, 17, 21, 2, 6, 10, 14, 18, 22, 3, 7, 11, 15, 19, 
1, 5, 9, 13, 17, 21, 2, 6, 10, 14, 18, 22, 3, 7, 11, 15, 19, 0, 4, 8, 12, 16, 20, 
2, 6, 10, 14, 18, 22, 3, 7, 11, 15, 19, 0, 4, 8, 12, 16, 20, 1, 5, 9, 13, 17, 21, 
3, 7, 11, 15, 19, 0, 4, 8, 12, 16, 20, 1, 5, 9, 13, 17, 21, 2, 6, 10, 14, 18, 22, 
4, 8, 12, 16, 20, 1, 5, 9, 13, 17, 21, 2, 6, 10, 14, 18, 22, 3, 7, 11, 15, 19, 0, 
5, 9, 13, 17, 21, 2, 6, 10, 14, 18, 22, 3, 7, 11, 15, 19, 0, 4, 8, 12, 16, 20, 1, 
6, 10, 14, 18, 22, 3, 7, 11, 15, 19, 0, 4, 8, 12, 16, 20, 1, 5, 9, 13, 17, 21, 2, 
7, 11, 15, 19, 0, 4, 8, 12, 16, 20, 1, 5, 9, 13, 17, 21, 2, 6, 10, 14, 18, 22, 3, 
8, 12, 16, 20, 1, 5, 9, 13, 17, 21, 2, 6, 10, 14, 18, 22, 3, 7, 11, 15, 19, 0, 4, 
9, 13, 17, 21, 2, 6, 10, 14, 18, 22, 3, 7, 11, 15, 19, 0, 4, 8, 12, 16, 20, 1, 5, 
10, 14, 18, 22, 3, 7, 11, 15, 19, 0, 4, 8, 12, 16, 20, 1, 5, 9, 13, 17, 21, 2, 6, 
11, 15, 19, 0, 4, 8, 12, 16, 20, 1, 5, 9, 13, 17, 21, 2, 6, 10, 14, 18, 22, 3, 7, 
12, 16, 20, 1, 5, 9, 13, 17, 21, 2, 6, 10, 14, 18, 22, 3, 7, 11, 15, 19, 0, 4, 8, 
13, 17, 21, 2, 6, 10, 14, 18, 22, 3, 7, 11, 15, 19, 0, 4, 8, 12, 16, 20, 1, 5, 9, 
14, 18, 22, 3, 7, 11, 15, 19, 0, 4, 8, 12, 16, 20, 1, 5, 9, 13, 17, 21, 2, 6, 10, 
15, 19, 0, 4, 8, 12, 16, 20, 1, 5, 9, 13, 17, 21, 2, 6, 10, 14, 18, 22, 3, 7, 11, 
16, 20, 1, 5, 9, 13, 17, 21, 2, 6, 10, 14, 18, 22, 3, 7, 11, 15, 19, 0, 4, 8, 12, 
17, 21, 2, 6, 10, 14, 18, 22, 3, 7, 11, 15, 19, 0, 4, 8, 12, 16, 20, 1, 5, 9, 13, 
18, 22, 3, 7, 11, 15, 19, 0, 4, 8, 12, 16, 20, 1, 5, 9, 13, 17, 21, 2, 6, 10, 14, 
19, 0, 4, 8, 12, 16, 20, 1, 5, 9, 13, 17, 21, 2, 6, 10, 14, 18, 22, 3, 7, 11, 15, 
20, 1, 5, 9, 13, 17, 21, 2, 6, 10, 14, 18, 22, 3, 7, 11, 15, 19, 0, 4, 8, 12, 16, 
21, 2, 6, 10, 14, 18, 22, 3, 7, 11, 15, 19, 0, 4, 8, 12, 16, 20, 1, 5, 9, 13, 17, 
22, 3, 7, 11, 15, 19, 0, 4, 8, 12, 16, 20, 1, 5, 9, 13, 17, 21, 2, 6, 10, 14, 18, 

Latin Square 4:
0, 5, 10, 15, 20, 2, 7, 12, 17, 22, 4, 9, 14, 19, 1, 6, 11, 16, 21, 3, 8, 13, 18, 
1, 6, 11, 16, 21, 3, 8, 13, 18, 0, 5, 10, 15, 20, 2, 7, 12, 17, 22, 4, 9, 14, 19, 
2, 7, 12, 17, 22, 4, 9, 14, 19, 1, 6, 11, 16, 21, 3, 8, 13, 18, 0, 5, 10, 15, 20, 
3, 8, 13, 18, 0, 5, 10, 15, 20, 2, 7, 12, 17, 22, 4, 9, 14, 19, 1, 6, 11, 16, 21, 
4, 9, 14, 19, 1, 6, 11, 16, 21, 3, 8, 13, 18, 0, 5, 10, 15, 20, 2, 7, 12, 17, 22, 
5, 10, 15, 20, 2, 7, 12, 17, 22, 4, 9, 14, 19, 1, 6, 11, 16, 21, 3, 8, 13, 18, 0, 
6, 11, 16, 21, 3, 8, 13, 18, 0, 5, 10, 15, 20, 2, 7, 12, 17, 22, 4, 9, 14, 19, 1, 
7, 12, 17, 22, 4, 9, 14, 19, 1, 6, 11, 16, 21, 3, 8, 13, 18, 0, 5, 10, 15, 20, 2, 
8, 13, 18, 0, 5, 10, 15, 20, 2, 7, 12, 17, 22, 4, 9, 14, 19, 1, 6, 11, 16, 21, 3, 
9, 14, 19, 1, 6, 11, 16, 21, 3, 8, 13, 18, 0, 5, 10, 15, 20, 2, 7, 12, 17, 22, 4, 
10, 15, 20, 2, 7, 12, 17, 22, 4, 9, 14, 19, 1, 6, 11, 16, 21, 3, 8, 13, 18, 0, 5, 
11, 16, 21, 3, 8, 13, 18, 0, 5, 10, 15, 20, 2, 7, 12, 17, 22, 4, 9, 14, 19, 1, 6, 
12, 17, 22, 4, 9, 14, 19, 1, 6, 11, 16, 21, 3, 8, 13, 18, 0, 5, 10, 15, 20, 2, 7, 
13, 18, 0, 5, 10, 15, 20, 2, 7, 12, 17, 22, 4, 9, 14, 19, 1, 6, 11, 16, 21, 3, 8, 
14, 19, 1, 6, 11, 16, 21, 3, 8, 13, 18, 0, 5, 10, 15, 20, 2, 7, 12, 17, 22, 4, 9, 
15, 20, 2, 7, 12, 17, 22, 4, 9, 14, 19, 1, 6, 11, 16, 21, 3, 8, 13, 18, 0, 5, 10, 
16, 21, 3, 8, 13, 18, 0, 5, 10, 15, 20, 2, 7, 12, 17, 22, 4, 9, 14, 19, 1, 6, 11, 
17, 22, 4, 9, 14, 19, 1, 6, 11, 16, 21, 3, 8, 13, 18, 0, 5, 10, 15, 20, 2, 7, 12, 
18, 0, 5, 10, 15, 20, 2, 7, 12, 17, 22, 4, 9, 14, 19, 1, 6, 11, 16, 21, 3, 8, 13, 
19, 1, 6, 11, 16, 21, 3, 8, 13, 18, 0, 5, 10, 15, 20, 2, 7, 12, 17, 22, 4, 9, 14, 
20, 2, 7, 12, 17, 22, 4, 9, 14, 19, 1, 6, 11, 16, 21, 3, 8, 13, 18, 0, 5, 10, 15, 
21, 3, 8, 13, 18, 0, 5, 10, 15, 20, 2, 7, 12, 17, 22, 4, 9, 14, 19, 1, 6, 11, 16, 
22, 4, 9, 14, 19, 1, 6, 11, 16, 21, 3, 8, 13, 18, 0, 5, 10, 15, 20, 2, 7, 12, 17, 

Latin Square 5:
0, 6, 12, 18, 1, 7, 13, 19, 2, 8, 14, 20, 3, 9, 15, 21, 4, 10, 16, 22, 5, 11, 17, 
1, 7, 13, 19, 2, 8, 14, 20, 3, 9, 15, 21, 4, 10, 16, 22, 5, 11, 17, 0, 6, 12, 18, 
2, 8, 14, 20, 3, 9, 15, 21, 4, 10, 16, 22, 5, 11, 17, 0, 6, 12, 18, 1, 7, 13, 19, 
3, 9, 15, 21, 4, 10, 16, 22, 5, 11, 17, 0, 6, 12, 18, 1, 7, 13, 19, 2, 8, 14, 20, 
4, 10, 16, 22, 5, 11, 17, 0, 6, 12, 18, 1, 7, 13, 19, 2, 8, 14, 20, 3, 9, 15, 21, 
5, 11, 17, 0, 6, 12, 18, 1, 7, 13, 19, 2, 8, 14, 20, 3, 9, 15, 21, 4, 10, 16, 22, 
6, 12, 18, 1, 7, 13, 19, 2, 8, 14, 20, 3, 9, 15, 21, 4, 10, 16, 22, 5, 11, 17, 0, 
7, 13, 19, 2, 8, 14, 20, 3, 9, 15, 21, 4, 10, 16, 22, 5, 11, 17, 0, 6, 12, 18, 1, 
8, 14, 20, 3, 9, 15, 21, 4, 10, 16, 22, 5, 11, 17, 0, 6, 12, 18, 1, 7, 13, 19, 2, 
9, 15, 21, 4, 10, 16, 22, 5, 11, 17, 0, 6, 12, 18, 1, 7, 13, 19, 2, 8, 14, 20, 3, 
10, 16, 22, 5, 11, 17, 0, 6, 12, 18, 1, 7, 13, 19, 2, 8, 14, 20, 3, 9, 15, 21, 4, 
11, 17, 0, 6, 12, 18, 1, 7, 13, 19, 2, 8, 14, 20, 3, 9, 15, 21, 4, 10, 16, 22, 5, 
12, 18, 1, 7, 13, 19, 2, 8, 14, 20, 3, 9, 15, 21, 4, 10, 16, 22, 5, 11, 17, 0, 6, 
13, 19, 2, 8, 14, 20, 3, 9, 15, 21, 4, 10, 16, 22, 5, 11, 17, 0, 6, 12, 18, 1, 7, 
14, 20, 3, 9, 15, 21, 4, 10, 16, 22, 5, 11, 17, 0, 6, 12, 18, 1, 7, 13, 19, 2, 8, 
15, 21, 4, 10, 16, 22, 5, 11, 17, 0, 6, 12, 18, 1, 7, 13, 19, 2, 8, 14, 20, 3, 9, 
16, 22, 5, 11, 17, 0, 6, 12, 18, 1, 7, 13, 19, 2, 8, 14, 20, 3, 9, 15, 21, 4, 10, 
17, 0, 6, 12, 18, 1, 7, 13, 19, 2, 8, 14, 20, 3, 9, 15, 21, 4, 10, 16, 22, 5, 11, 
18, 1, 7, 13, 19, 2, 8, 14, 20, 3, 9, 15, 21, 4, 10, 16, 22, 5, 11, 17, 0, 6, 12, 
19, 2, 8, 14, 20, 3, 9, 15, 21, 4, 10, 16, 22, 5, 11, 17, 0, 6, 12, 18, 1, 7, 13, 
20, 3, 9, 15, 21, 4, 10, 16, 22, 5, 11, 17, 0, 6, 12, 18, 1, 7, 13, 19, 2, 8, 14, 
21, 4, 10, 16, 22, 5, 11, 17, 0, 6, 12, 18, 1, 7, 13, 19, 2, 8, 14, 20, 3, 9, 15, 
22, 5, 11, 17, 0, 6, 12, 18, 1, 7, 13, 19, 2, 8, 14, 20, 3, 9, 15, 21, 4, 10, 16, 

Latin Square 6:
0, 7, 14, 21, 5, 12, 19, 3, 10, 17, 1, 8, 15, 22, 6, 13, 20, 4, 11, 18, 2, 9, 16, 
1, 8, 15, 22, 6, 13, 20, 4, 11, 18, 2, 9, 16, 0, 7, 14, 21, 5, 12, 19, 3, 10, 17, 
2, 9, 16, 0, 7, 14, 21, 5, 12, 19, 3, 10, 17, 1, 8, 15, 22, 6, 13, 20, 4, 11, 18, 
3, 10, 17, 1, 8, 15, 22, 6, 13, 20, 4, 11, 18, 2, 9, 16, 0, 7, 14, 21, 5, 12, 19, 
4, 11, 18, 2, 9, 16, 0, 7, 14, 21, 5, 12, 19, 3, 10, 17, 1, 8, 15, 22, 6, 13, 20, 
5, 12, 19, 3, 10, 17, 1, 8, 15, 22, 6, 13, 20, 4, 11, 18, 2, 9, 16, 0, 7, 14, 21, 
6, 13, 20, 4, 11, 18, 2, 9, 16, 0, 7, 14, 21, 5, 12, 19, 3, 10, 17, 1, 8, 15, 22, 
7, 14, 21, 5, 12, 19, 3, 10, 17, 1, 8, 15, 22, 6, 13, 20, 4, 11, 18, 2, 9, 16, 0, 
8, 15, 22, 6, 13, 20, 4, 11, 18, 2, 9, 16, 0, 7, 14, 21, 5, 12, 19, 3, 10, 17, 1, 
9, 16, 0, 7, 14, 21, 5, 12, 19, 3, 10, 17, 1, 8, 15, 22, 6, 13, 20, 4, 11, 18, 2, 
10, 17, 1, 8, 15, 22, 6, 13, 20, 4, 11, 18, 2, 9, 16, 0, 7, 14, 21, 5, 12, 19, 3, 
11, 18, 2, 9, 16, 0, 7, 14, 21, 5, 12, 19, 3, 10, 17, 1, 8, 15, 22, 6, 13, 20, 4, 
12, 19, 3, 10, 17, 1, 8, 15, 22, 6, 13, 20, 4, 11, 18, 2, 9, 16, 0, 7, 14, 21, 5, 
13, 20, 4, 11, 18, 2, 9, 16, 0, 7, 14, 21, 5, 12, 19, 3, 10, 17, 1, 8, 15, 22, 6, 
14, 21, 5, 12, 19, 3, 10, 17, 1, 8, 15, 22, 6, 13, 20, 4, 11, 18, 2, 9, 16, 0, 7, 
15, 22, 6, 13, 20, 4, 11, 18, 2, 9, 16, 0, 7, 14, 21, 5, 12, 19, 3, 10, 17, 1, 8, 
16, 0, 7, 14, 21, 5, 12, 19, 3, 10, 17, 1, 8, 15, 22, 6, 13, 20, 4, 11, 18, 2, 9, 
17, 1, 8, 15, 22, 6, 13, 20, 4, 11, 18, 2, 9, 16, 0, 7, 14, 21, 5, 12, 19, 3, 10, 
18, 2, 9, 16, 0, 7, 14, 21, 5, 12, 19, 3, 10, 17, 1, 8, 15, 22, 6, 13, 20, 4, 11, 
19, 3, 10, 17, 1, 8, 15, 22, 6, 13, 20, 4, 11, 18, 2, 9, 16, 0, 7, 14, 21, 5, 12, 
20, 4, 11, 18, 2, 9, 16, 0, 7, 14, 21, 5, 12, 19, 3, 10, 17, 1, 8, 15, 22, 6, 13, 
21, 5, 12, 19, 3, 10, 17, 1, 8, 15, 22, 6, 13, 20, 4, 11, 18, 2, 9, 16, 0, 7, 14, 
22, 6, 13, 20, 4, 11, 18, 2, 9, 16, 0, 7, 14, 21, 5, 12, 19, 3, 10, 17, 1, 8, 15, 

Latin Square 7:
0, 8, 16, 1, 9, 17, 2, 10, 18, 3, 11, 19, 4, 12, 20, 5, 13, 21, 6, 14, 22, 7, 15, 
1, 9, 17, 2, 10, 18, 3, 11, 19, 4, 12, 20, 5, 13, 21, 6, 14, 22, 7, 15, 0, 8, 16, 
2, 10, 18, 3, 11, 19, 4, 12, 20, 5, 13, 21, 6, 14, 22, 7, 15, 0, 8, 16, 1, 9, 17, 
3, 11, 19, 4, 12, 20, 5, 13, 21, 6, 14, 22, 7, 15, 0, 8, 16, 1, 9, 17, 2, 10, 18, 
4, 12, 20, 5, 13, 21, 6, 14, 22, 7, 15, 0, 8, 16, 1, 9, 17, 2, 10, 18, 3, 11, 19, 
5, 13, 21, 6, 14, 22, 7, 15, 0, 8, 16, 1, 9, 17, 2, 10, 18, 3, 11, 19, 4, 12, 20, 
6, 14, 22, 7, 15, 0, 8, 16, 1, 9, 17, 2, 10, 18, 3, 11, 19, 4, 12, 20, 5, 13, 21, 
7, 15, 0, 8, 16, 1, 9, 17, 2, 10, 18, 3, 11, 19, 4, 12, 20, 5, 13, 21, 6, 14, 22, 
8, 16, 1, 9, 17, 2, 10, 18, 3, 11, 19, 4, 12, 20, 5, 13, 21, 6, 14, 22, 7, 15, 0, 
9, 17, 2, 10, 18, 3, 11, 19, 4, 12, 20, 5, 13, 21, 6, 14, 22, 7, 15, 0, 8, 16, 1, 
10, 18, 3, 11, 19, 4, 12, 20, 5, 13, 21, 6, 14, 22, 7, 15, 0, 8, 16, 1, 9, 17, 2, 
11, 19, 4, 12, 20, 5, 13, 21, 6, 14, 22, 7, 15, 0, 8, 16, 1, 9, 17, 2, 10, 18, 3, 
12, 20, 5, 13, 21, 6, 14, 22, 7, 15, 0, 8, 16, 1, 9, 17, 2, 10, 18, 3, 11, 19, 4, 
13, 21, 6, 14, 22, 7, 15, 0, 8, 16, 1, 9, 17, 2, 10, 18, 3, 11, 19, 4, 12, 20, 5, 
14, 22, 7, 15, 0, 8, 16, 1, 9, 17, 2, 10, 18, 3, 11, 19, 4, 12, 20, 5, 13, 21, 6, 
15, 0, 8, 16, 1, 9, 17, 2, 10, 18, 3, 11, 19, 4, 12, 20, 5, 13, 21, 6, 14, 22, 7, 
16, 1, 9, 17, 2, 10, 18, 3, 11, 19, 4, 12, 20, 5, 13, 21, 6, 14, 22, 7, 15, 0, 8, 
17, 2, 10, 18, 3, 11, 19, 4, 12, 20, 5, 13, 21, 6, 14, 22, 7, 15, 0, 8, 16, 1, 9, 
18, 3, 11, 19, 4, 12, 20, 5, 13, 21, 6, 14, 22, 7, 15, 0, 8, 16, 1, 9, 17, 2, 10, 
19, 4, 12, 20, 5, 13, 21, 6, 14, 22, 7, 15, 0, 8, 16, 1, 9, 17, 2, 10, 18, 3, 11, 
20, 5, 13, 21, 6, 14, 22, 7, 15, 0, 8, 16, 1, 9, 17, 2, 10, 18, 3, 11, 19, 4, 12, 
21, 6, 14, 22, 7, 15, 0, 8, 16, 1, 9, 17, 2, 10, 18, 3, 11, 19, 4, 12, 20, 5, 13, 
22, 7, 15, 0, 8, 16, 1, 9, 17, 2, 10, 18, 3, 11, 19, 4, 12, 20, 5, 13, 21, 6, 14, 

Latin Square 8:
0, 9, 18, 4, 13, 22, 8, 17, 3, 12, 21, 7, 16, 2, 11, 20, 6, 15, 1, 10, 19, 5, 14, 
1, 10, 19, 5, 14, 0, 9, 18, 4, 13, 22, 8, 17, 3, 12, 21, 7, 16, 2, 11, 20, 6, 15, 
2, 11, 20, 6, 15, 1, 10, 19, 5, 14, 0, 9, 18, 4, 13, 22, 8, 17, 3, 12, 21, 7, 16, 
3, 12, 21, 7, 16, 2, 11, 20, 6, 15, 1, 10, 19, 5, 14, 0, 9, 18, 4, 13, 22, 8, 17, 
4, 13, 22, 8, 17, 3, 12, 21, 7, 16, 2, 11, 20, 6, 15, 1, 10, 19, 5, 14, 0, 9, 18, 
5, 14, 0, 9, 18, 4, 13, 22, 8, 17, 3, 12, 21, 7, 16, 2, 11, 20, 6, 15, 1, 10, 19, 
6, 15, 1, 10, 19, 5, 14, 0, 9, 18, 4, 13, 22, 8, 17, 3, 12, 21, 7, 16, 2, 11, 20, 
7, 16, 2, 11, 20, 6, 15, 1, 10, 19, 5, 14, 0, 9, 18, 4, 13, 22, 8, 17, 3, 12, 21, 
8, 17, 3, 12, 21, 7, 16, 2, 11, 20, 6, 15, 1, 10, 19, 5, 14, 0, 9, 18, 4, 13, 22, 
9, 18, 4, 13, 22, 8, 17, 3, 12, 21, 7, 16, 2, 11, 20, 6, 15, 1, 10, 19, 5, 14, 0, 
10, 19, 5, 14, 0, 9, 18, 4, 13, 22, 8, 17, 3, 12, 21, 7, 16, 2, 11, 20, 6, 15, 1, 
11, 20, 6, 15, 1, 10, 19, 5, 14, 0, 9, 18, 4, 13, 22, 8, 17, 3, 12, 21, 7, 16, 2, 
12, 21, 7, 16, 2, 11, 20, 6, 15, 1, 10, 19, 5, 14, 0, 9, 18, 4, 13, 22, 8, 17, 3, 
13, 22, 8, 17, 3, 12, 21, 7, 16, 2, 11, 20, 6, 15, 1, 10, 19, 5, 14, 0, 9, 18, 4, 
14, 0, 9, 18, 4, 13, 22, 8, 17, 3, 12, 21, 7, 16, 2, 11, 20, 6, 15, 1, 10, 19, 5, 
15, 1, 10, 19, 5, 14, 0, 9, 18, 4, 13, 22, 8, 17, 3, 12, 21, 7, 16, 2, 11, 20, 6, 
16, 2, 11, 20, 6, 15, 1, 10, 19, 5, 14, 0, 9, 18, 4, 13, 22, 8, 17, 3, 12, 21, 7, 
17, 3, 12, 21, 7, 16, 2, 11, 20, 6, 15, 1, 10, 19, 5, 14, 0, 9, 18, 4, 13, 22, 8, 
18, 4, 13, 22, 8, 17, 3, 12, 21, 7, 16, 2, 11, 20, 6, 15, 1, 10, 19, 5, 14, 0, 9, 
19, 5, 14, 0, 9, 18, 4, 13, 22, 8, 17, 3, 12, 21, 7, 16, 2, 11, 20, 6, 15, 1, 10, 
20, 6, 15, 1, 10, 19, 5, 14, 0, 9, 18, 4, 13, 22, 8, 17, 3, 12, 21, 7, 16, 2, 11, 
21, 7, 16, 2, 11, 20, 6, 15, 1, 10, 19, 5, 14, 0, 9, 18, 4, 13, 22, 8, 17, 3, 12, 
22, 8, 17, 3, 12, 21, 7, 16, 2, 11, 20, 6, 15, 1, 10, 19, 5, 14, 0, 9, 18, 4, 13, 

Latin Square 9:
0, 10, 20, 7, 17, 4, 14, 1, 11, 21, 8, 18, 5, 15, 2, 12, 22, 9, 19, 6, 16, 3, 13, 
1, 11, 21, 8, 18, 5, 15, 2, 12, 22, 9, 19, 6, 16, 3, 13, 0, 10, 20, 7, 17, 4, 14, 
2, 12, 22, 9, 19, 6, 16, 3, 13, 0, 10, 20, 7, 17, 4, 14, 1, 11, 21, 8, 18, 5, 15, 
3, 13, 0, 10, 20, 7, 17, 4, 14, 1, 11, 21, 8, 18, 5, 15, 2, 12, 22, 9, 19, 6, 16, 
4, 14, 1, 11, 21, 8, 18, 5, 15, 2, 12, 22, 9, 19, 6, 16, 3, 13, 0, 10, 20, 7, 17, 
5, 15, 2, 12, 22, 9, 19, 6, 16, 3, 13, 0, 10, 20, 7, 17, 4, 14, 1, 11, 21, 8, 18, 
6, 16, 3, 13, 0, 10, 20, 7, 17, 4, 14, 1, 11, 21, 8, 18, 5, 15, 2, 12, 22, 9, 19, 
7, 17, 4, 14, 1, 11, 21, 8, 18, 5, 15, 2, 12, 22, 9, 19, 6, 16, 3, 13, 0, 10, 20, 
8, 18, 5, 15, 2, 12, 22, 9, 19, 6, 16, 3, 13, 0, 10, 20, 7, 17, 4, 14, 1, 11, 21, 
9, 19, 6, 16, 3, 13, 0, 10, 20, 7, 17, 4, 14, 1, 11, 21, 8, 18, 5, 15, 2, 12, 22, 
10, 20, 7, 17, 4, 14, 1, 11, 21, 8, 18, 5, 15, 2, 12, 22, 9, 19, 6, 16, 3, 13, 0, 
11, 21, 8, 18, 5, 15, 2, 12, 22, 9, 19, 6, 16, 3, 13, 0, 10, 20, 7, 17, 4, 14, 1, 
12, 22, 9, 19, 6, 16, 3, 13, 0, 10, 20, 7, 17, 4, 14, 1, 11, 21, 8, 18, 5, 15, 2, 
13, 0, 10, 20, 7, 17, 4, 14, 1, 11, 21, 8, 18, 5, 15, 2, 12, 22, 9, 19, 6, 16, 3, 
14, 1, 11, 21, 8, 18, 5, 15, 2, 12, 22, 9, 19, 6, 16, 3, 13, 0, 10, 20, 7, 17, 4, 
15, 2, 12, 22, 9, 19, 6, 16, 3, 13, 0, 10, 20, 7, 17, 4, 14, 1, 11, 21, 8, 18, 5, 
16, 3, 13, 0, 10, 20, 7, 17, 4, 14, 1, 11, 21, 8, 18, 5, 15, 2, 12, 22, 9, 19, 6, 
17, 4, 14, 1, 11, 21, 8, 18, 5, 15, 2, 12, 22, 9, 19, 6, 16, 3, 13, 0, 10, 20, 7, 
18, 5, 15, 2, 12, 22, 9, 19, 6, 16, 3, 13, 0, 10, 20, 7, 17, 4, 14, 1, 11, 21, 8, 
19, 6, 16, 3, 13, 0, 10, 20, 7, 17, 4, 14, 1, 11, 21, 8, 18, 5, 15, 2, 12, 22, 9, 
20, 7, 17, 4, 14, 1, 11, 21, 8, 18, 5, 15, 2, 12, 22, 9, 19, 6, 16, 3, 13, 0, 10, 
21, 8, 18, 5, 15, 2, 12, 22, 9, 19, 6, 16, 3, 13, 0, 10, 20, 7, 17, 4, 14, 1, 11, 
22, 9, 19, 6, 16, 3, 13, 0, 10, 20, 7, 17, 4, 14, 1, 11, 21, 8, 18, 5, 15, 2, 12, 

Latin Square 10:
0, 11, 22, 10, 21, 9, 20, 8, 19, 7, 18, 6, 17, 5, 16, 4, 15, 3, 14, 2, 13, 1, 12, 
1, 12, 0, 11, 22, 10, 21, 9, 20, 8, 19, 7, 18, 6, 17, 5, 16, 4, 15, 3, 14, 2, 13, 
2, 13, 1, 12, 0, 11, 22, 10, 21, 9, 20, 8, 19, 7, 18, 6, 17, 5, 16, 4, 15, 3, 14, 
3, 14, 2, 13, 1, 12, 0, 11, 22, 10, 21, 9, 20, 8, 19, 7, 18, 6, 17, 5, 16, 4, 15, 
4, 15, 3, 14, 2, 13, 1, 12, 0, 11, 22, 10, 21, 9, 20, 8, 19, 7, 18, 6, 17, 5, 16, 
5, 16, 4, 15, 3, 14, 2, 13, 1, 12, 0, 11, 22, 10, 21, 9, 20, 8, 19, 7, 18, 6, 17, 
6, 17, 5, 16, 4, 15, 3, 14, 2, 13, 1, 12, 0, 11, 22, 10, 21, 9, 20, 8, 19, 7, 18, 
7, 18, 6, 17, 5, 16, 4, 15, 3, 14, 2, 13, 1, 12, 0, 11, 22, 10, 21, 9, 20, 8, 19, 
8, 19, 7, 18, 6, 17, 5, 16, 4, 15, 3, 14, 2, 13, 1, 12, 0, 11, 22, 10, 21, 9, 20, 
9, 20, 8, 19, 7, 18, 6, 17, 5, 16, 4, 15, 3, 14, 2, 13, 1, 12, 0, 11, 22, 10, 21, 
10, 21, 9, 20, 8, 19, 7, 18, 6, 17, 5, 16, 4, 15, 3, 14, 2, 13, 1, 12, 0, 11, 22, 
11, 22, 10, 21, 9, 20, 8, 19, 7, 18, 6, 17, 5, 16, 4, 15, 3, 14, 2, 13, 1, 12, 0, 
12, 0, 11, 22, 10, 21, 9, 20, 8, 19, 7, 18, 6, 17, 5, 16, 4, 15, 3, 14, 2, 13, 1, 
13, 1, 12, 0, 11, 22, 10, 21, 9, 20, 8, 19, 7, 18, 6, 17, 5, 16, 4, 15, 3, 14, 2, 
14, 2, 13, 1, 12, 0, 11, 22, 10, 21, 9, 20, 8, 19, 7, 18, 6, 17, 5, 16, 4, 15, 3, 
15, 3, 14, 2, 13, 1, 12, 0, 11, 22, 10, 21, 9, 20, 8, 19, 7, 18, 6, 17, 5, 16, 4, 
16, 4, 15, 3, 14, 2, 13, 1, 12, 0, 11, 22, 10, 21, 9, 20, 8, 19, 7, 18, 6, 17, 5, 
17, 5, 16, 4, 15, 3, 14, 2, 13, 1, 12, 0, 11, 22, 10, 21, 9, 20, 8, 19, 7, 18, 6, 
18, 6, 17, 5, 16, 4, 15, 3, 14, 2, 13, 1, 12, 0, 11, 22, 10, 21, 9, 20, 8, 19, 7, 
19, 7, 18, 6, 17, 5, 16, 4, 15, 3, 14, 2, 13, 1, 12, 0, 11, 22, 10, 21, 9, 20, 8, 
20, 8, 19, 7, 18, 6, 17, 5, 16, 4, 15, 3, 14, 2, 13, 1, 12, 0, 11, 22, 10, 21, 9, 
21, 9, 20, 8, 19, 7, 18, 6, 17, 5, 16, 4, 15, 3, 14, 2, 13, 1, 12, 0, 11, 22, 10, 
22, 10, 21, 9, 20, 8, 19, 7, 18, 6, 17, 5, 16, 4, 15, 3, 14, 2, 13, 1, 12, 0, 11, 

Latin Square 11:
0, 12, 1, 13, 2, 14, 3, 15, 4, 16, 5, 17, 6, 18, 7, 19, 8, 20, 9, 21, 10, 22, 11, 
1, 13, 2, 14, 3, 15, 4, 16, 5, 17, 6, 18, 7, 19, 8, 20, 9, 21, 10, 22, 11, 0, 12, 
2, 14, 3, 15, 4, 16, 5, 17, 6, 18, 7, 19, 8, 20, 9, 21, 10, 22, 11, 0, 12, 1, 13, 
3, 15, 4, 16, 5, 17, 6, 18, 7, 19, 8, 20, 9, 21, 10, 22, 11, 0, 12, 1, 13, 2, 14, 
4, 16, 5, 17, 6, 18, 7, 19, 8, 20, 9, 21, 10, 22, 11, 0, 12, 1, 13, 2, 14, 3, 15, 
5, 17, 6, 18, 7, 19, 8, 20, 9, 21, 10, 22, 11, 0, 12, 1, 13, 2, 14, 3, 15, 4, 16, 
6, 18, 7, 19, 8, 20, 9, 21, 10, 22, 11, 0, 12, 1, 13, 2, 14, 3, 15, 4, 16, 5, 17, 
7, 19, 8, 20, 9, 21, 10, 22, 11, 0, 12, 1, 13, 2, 14, 3, 15, 4, 16, 5, 17, 6, 18, 
8, 20, 9, 21, 10, 22, 11, 0, 12, 1, 13, 2, 14, 3, 15, 4, 16, 5, 17, 6, 18, 7, 19, 
9, 21, 10, 22, 11, 0, 12, 1, 13, 2, 14, 3, 15, 4, 16, 5, 17, 6, 18, 7, 19, 8, 20, 
10, 22, 11, 0, 12, 1, 13, 2, 14, 3, 15, 4, 16, 5, 17, 6, 18, 7, 19, 8, 20, 9, 21, 
11, 0, 12, 1, 13, 2, 14, 3, 15, 4, 16, 5, 17, 6, 18, 7, 19, 8, 20, 9, 21, 10, 22, 
12, 1, 13, 2, 14, 3, 15, 4, 16, 5, 17, 6, 18, 7, 19, 8, 20, 9, 21, 10, 22, 11, 0, 
13, 2, 14, 3, 15, 4, 16, 5, 17, 6, 18, 7, 19, 8, 20, 9, 21, 10, 22, 11, 0, 12, 1, 
14, 3, 15, 4, 16, 5, 17, 6, 18, 7, 19, 8, 20, 9, 21, 10, 22, 11, 0, 12, 1, 13, 2, 
15, 4, 16, 5, 17, 6, 18, 7, 19, 8, 20, 9, 21, 10, 22, 11, 0, 12, 1, 13, 2, 14, 3, 
16, 5, 17, 6, 18, 7, 19, 8, 20, 9, 21, 10, 22, 11, 0, 12, 1, 13, 2, 14, 3, 15, 4, 
17, 6, 18, 7, 19, 8, 20, 9, 21, 10, 22, 11, 0, 12, 1, 13, 2, 14, 3, 15, 4, 16, 5, 
18, 7, 19, 8, 20, 9, 21, 10, 22, 11, 0, 12, 1, 13, 2, 14, 3, 15, 4, 16, 5, 17, 6, 
19, 8, 20, 9, 21, 10, 22, 11, 0, 12, 1, 13, 2, 14, 3, 15, 4, 16, 5, 17, 6, 18, 7, 
20, 9, 21, 10, 22, 11, 0, 12, 1, 13, 2, 14, 3, 15, 4, 16, 5, 17, 6, 18, 7, 19, 8, 
21, 10, 22, 11, 0, 12, 1, 13, 2, 14, 3, 15, 4, 16, 5, 17, 6, 18, 7, 19, 8, 20, 9, 
22, 11, 0, 12, 1, 13, 2, 14, 3, 15, 4, 16, 5, 17, 6, 18, 7, 19, 8, 20, 9, 21, 10, 

Latin Square 12:
0, 13, 3, 16, 6, 19, 9, 22, 12, 2, 15, 5, 18, 8, 21, 11, 1, 14, 4, 17, 7, 20, 10, 
1, 14, 4, 17, 7, 20, 10, 0, 13, 3, 16, 6, 19, 9, 22, 12, 2, 15, 5, 18, 8, 21, 11, 
2, 15, 5, 18, 8, 21, 11, 1, 14, 4, 17, 7, 20, 10, 0, 13, 3, 16, 6, 19, 9, 22, 12, 
3, 16, 6, 19, 9, 22, 12, 2, 15, 5, 18, 8, 21, 11, 1, 14, 4, 17, 7, 20, 10, 0, 13, 
4, 17, 7, 20, 10, 0, 13, 3, 16, 6, 19, 9, 22, 12, 2, 15, 5, 18, 8, 21, 11, 1, 14, 
5, 18, 8, 21, 11, 1, 14, 4, 17, 7, 20, 10, 0, 13, 3, 16, 6, 19, 9, 22, 12, 2, 15, 
6, 19, 9, 22, 12, 2, 15, 5, 18, 8, 21, 11, 1, 14, 4, 17, 7, 20, 10, 0, 13, 3, 16, 
7, 20, 10, 0, 13, 3, 16, 6, 19, 9, 22, 12, 2, 15, 5, 18, 8, 21, 11, 1, 14, 4, 17, 
8, 21, 11, 1, 14, 4, 17, 7, 20, 10, 0, 13, 3, 16, 6, 19, 9, 22, 12, 2, 15, 5, 18, 
9, 22, 12, 2, 15, 5, 18, 8, 21, 11, 1, 14, 4, 17, 7, 20, 10, 0, 13, 3, 16, 6, 19, 
10, 0, 13, 3, 16, 6, 19, 9, 22, 12, 2, 15, 5, 18, 8, 21, 11, 1, 14, 4, 17, 7, 20, 
11, 1, 14, 4, 17, 7, 20, 10, 0, 13, 3, 16, 6, 19, 9, 22, 12, 2, 15, 5, 18, 8, 21, 
12, 2, 15, 5, 18, 8, 21, 11, 1, 14, 4, 17, 7, 20, 10, 0, 13, 3, 16, 6, 19, 9, 22, 
13, 3, 16, 6, 19, 9, 22, 12, 2, 15, 5, 18, 8, 21, 11, 1, 14, 4, 17, 7, 20, 10, 0, 
14, 4, 17, 7, 20, 10, 0, 13, 3, 16, 6, 19, 9, 22, 12, 2, 15, 5, 18, 8, 21, 11, 1, 
15, 5, 18, 8, 21, 11, 1, 14, 4, 17, 7, 20, 10, 0, 13, 3, 16, 6, 19, 9, 22, 12, 2, 
16, 6, 19, 9, 22, 12, 2, 15, 5, 18, 8, 21, 11, 1, 14, 4, 17, 7, 20, 10, 0, 13, 3, 
17, 7, 20, 10, 0, 13, 3, 16, 6, 19, 9, 22, 12, 2, 15, 5, 18, 8, 21, 11, 1, 14, 4, 
18, 8, 21, 11, 1, 14, 4, 17, 7, 20, 10, 0, 13, 3, 16, 6, 19, 9, 22, 12, 2, 15, 5, 
19, 9, 22, 12, 2, 15, 5, 18, 8, 21, 11, 1, 14, 4, 17, 7, 20, 10, 0, 13, 3, 16, 6, 
20, 10, 0, 13, 3, 16, 6, 19, 9, 22, 12, 2, 15, 5, 18, 8, 21, 11, 1, 14, 4, 17, 7, 
21, 11, 1, 14, 4, 17, 7, 20, 10, 0, 13, 3, 16, 6, 19, 9, 22, 12, 2, 15, 5, 18, 8, 
22, 12, 2, 15, 5, 18, 8, 21, 11, 1, 14, 4, 17, 7, 20, 10, 0, 13, 3, 16, 6, 19, 9, 

Latin Square 13:
0, 14, 5, 19, 10, 1, 15, 6, 20, 11, 2, 16, 7, 21, 12, 3, 17, 8, 22, 13, 4, 18, 9, 
1, 15, 6, 20, 11, 2, 16, 7, 21, 12, 3, 17, 8, 22, 13, 4, 18, 9, 0, 14, 5, 19, 10, 
2, 16, 7, 21, 12, 3, 17, 8, 22, 13, 4, 18, 9, 0, 14, 5, 19, 10, 1, 15, 6, 20, 11, 
3, 17, 8, 22, 13, 4, 18, 9, 0, 14, 5, 19, 10, 1, 15, 6, 20, 11, 2, 16, 7, 21, 12, 
4, 18, 9, 0, 14, 5, 19, 10, 1, 15, 6, 20, 11, 2, 16, 7, 21, 12, 3, 17, 8, 22, 13, 
5, 19, 10, 1, 15, 6, 20, 11, 2, 16, 7, 21, 12, 3, 17, 8, 22, 13, 4, 18, 9, 0, 14, 
6, 20, 11, 2, 16, 7, 21, 12, 3, 17, 8, 22, 13, 4, 18, 9, 0, 14, 5, 19, 10, 1, 15, 
7, 21, 12, 3, 17, 8, 22, 13, 4, 18, 9, 0, 14, 5, 19, 10, 1, 15, 6, 20, 11, 2, 16, 
8, 22, 13, 4, 18, 9, 0, 14, 5, 19, 10, 1, 15, 6, 20, 11, 2, 16, 7, 21, 12, 3, 17, 
9, 0, 14, 5, 19, 10, 1, 15, 6, 20, 11, 2, 16, 7, 21, 12, 3, 17, 8, 22, 13, 4, 18, 
10, 1, 15, 6, 20, 11, 2, 16, 7, 21, 12, 3, 17, 8, 22, 13, 4, 18, 9, 0, 14, 5, 19, 
11, 2, 16, 7, 21, 12, 3, 17, 8, 22, 13, 4, 18, 9, 0, 14, 5, 19, 10, 1, 15, 6, 20, 
12, 3, 17, 8, 22, 13, 4, 18, 9, 0, 14, 5, 19, 10, 1, 15, 6, 20, 11, 2, 16, 7, 21, 
13, 4, 18, 9, 0, 14, 5, 19, 10, 1, 15, 6, 20, 11, 2, 16, 7, 21, 12, 3, 17, 8, 22, 
14, 5, 19, 10, 1, 15, 6, 20, 11, 2, 16, 7, 21, 12, 3, 17, 8, 22, 13, 4, 18, 9, 0, 
15, 6, 20, 11, 2, 16, 7, 21, 12, 3, 17, 8, 22, 13, 4, 18, 9, 0, 14, 5, 19, 10, 1, 
16, 7, 21, 12, 3, 17, 8, 22, 13, 4, 18, 9, 0, 14, 5, 19, 10, 1, 15, 6, 20, 11, 2, 
17, 8, 22, 13, 4, 18, 9, 0, 14, 5, 19, 10, 1, 15, 6, 20, 11, 2, 16, 7, 21, 12, 3, 
18, 9, 0, 14, 5, 19, 10, 1, 15, 6, 20, 11, 2, 16, 7, 21, 12, 3, 17, 8, 22, 13, 4, 
19, 10, 1, 15, 6, 20, 11, 2, 16, 7, 21, 12, 3, 17, 8, 22, 13, 4, 18, 9, 0, 14, 5, 
20, 11, 2, 16, 7, 21, 12, 3, 17, 8, 22, 13, 4, 18, 9, 0, 14, 5, 19, 10, 1, 15, 6, 
21, 12, 3, 17, 8, 22, 13, 4, 18, 9, 0, 14, 5, 19, 10, 1, 15, 6, 20, 11, 2, 16, 7, 
22, 13, 4, 18, 9, 0, 14, 5, 19, 10, 1, 15, 6, 20, 11, 2, 16, 7, 21, 12, 3, 17, 8, 

Latin Square 14:
0, 15, 7, 22, 14, 6, 21, 13, 5, 20, 12, 4, 19, 11, 3, 18, 10, 2, 17, 9, 1, 16, 8, 
1, 16, 8, 0, 15, 7, 22, 14, 6, 21, 13, 5, 20, 12, 4, 19, 11, 3, 18, 10, 2, 17, 9, 
2, 17, 9, 1, 16, 8, 0, 15, 7, 22, 14, 6, 21, 13, 5, 20, 12, 4, 19, 11, 3, 18, 10, 
3, 18, 10, 2, 17, 9, 1, 16, 8, 0, 15, 7, 22, 14, 6, 21, 13, 5, 20, 12, 4, 19, 11, 
4, 19, 11, 3, 18, 10, 2, 17, 9, 1, 16, 8, 0, 15, 7, 22, 14, 6, 21, 13, 5, 20, 12, 
5, 20, 12, 4, 19, 11, 3, 18, 10, 2, 17, 9, 1, 16, 8, 0, 15, 7, 22, 14, 6, 21, 13, 
6, 21, 13, 5, 20, 12, 4, 19, 11, 3, 18, 10, 2, 17, 9, 1, 16, 8, 0, 15, 7, 22, 14, 
7, 22, 14, 6, 21, 13, 5, 20, 12, 4, 19, 11, 3, 18, 10, 2, 17, 9, 1, 16, 8, 0, 15, 
8, 0, 15, 7, 22, 14, 6, 21, 13, 5, 20, 12, 4, 19, 11, 3, 18, 10, 2, 17, 9, 1, 16, 
9, 1, 16, 8, 0, 15, 7, 22, 14, 6, 21, 13, 5, 20, 12, 4, 19, 11, 3, 18, 10, 2, 17, 
10, 2, 17, 9, 1, 16, 8, 0, 15, 7, 22, 14, 6, 21, 13, 5, 20, 12, 4, 19, 11, 3, 18, 
11, 3, 18, 10, 2, 17, 9, 1, 16, 8, 0, 15, 7, 22, 14, 6, 21, 13, 5, 20, 12, 4, 19, 
12, 4, 19, 11, 3, 18, 10, 2, 17, 9, 1, 16, 8, 0, 15, 7, 22, 14, 6, 21, 13, 5, 20, 
13, 5, 20, 12, 4, 19, 11, 3, 18, 10, 2, 17, 9, 1, 16, 8, 0, 15, 7, 22, 14, 6, 21, 
14, 6, 21, 13, 5, 20, 12, 4, 19, 11, 3, 18, 10, 2, 17, 9, 1, 16, 8, 0, 15, 7, 22, 
15, 7, 22, 14, 6, 21, 13, 5, 20, 12, 4, 19, 11, 3, 18, 10, 2, 17, 9, 1, 16, 8, 0, 
16, 8, 0, 15, 7, 22, 14, 6, 21, 13, 5, 20, 12, 4, 19, 11, 3, 18, 10, 2, 17, 9, 1, 
17, 9, 1, 16, 8, 0, 15, 7, 22, 14, 6, 21, 13, 5, 20, 12, 4, 19, 11, 3, 18, 10, 2, 
18, 10, 2, 17, 9, 1, 16, 8, 0, 15, 7, 22, 14, 6, 21, 13, 5, 20, 12, 4, 19, 11, 3, 
19, 11, 3, 18, 10, 2, 17, 9, 1, 16, 8, 0, 15, 7, 22, 14, 6, 21, 13, 5, 20, 12, 4, 
20, 12, 4, 19, 11, 3, 18, 10, 2, 17, 9, 1, 16, 8, 0, 15, 7, 22, 14, 6, 21, 13, 5, 
21, 13, 5, 20, 12, 4, 19, 11, 3, 18, 10, 2, 17, 9, 1, 16, 8, 0, 15, 7, 22, 14, 6, 
22, 14, 6, 21, 13, 5, 20, 12, 4, 19, 11, 3, 18, 10, 2, 17, 9, 1, 16, 8, 0, 15, 7, 

Latin Square 15:
0, 16, 9, 2, 18, 11, 4, 20, 13, 6, 22, 15, 8, 1, 17, 10, 3, 19, 12, 5, 21, 14, 7, 
1, 17, 10, 3, 19, 12, 5, 21, 14, 7, 0, 16, 9, 2, 18, 11, 4, 20, 13, 6, 22, 15, 8, 
2, 18, 11, 4, 20, 13, 6, 22, 15, 8, 1, 17, 10, 3, 19, 12, 5, 21, 14, 7, 0, 16, 9, 
3, 19, 12, 5, 21, 14, 7, 0, 16, 9, 2, 18, 11, 4, 20, 13, 6, 22, 15, 8, 1, 17, 10, 
4, 20, 13, 6, 22, 15, 8, 1, 17, 10, 3, 19, 12, 5, 21, 14, 7, 0, 16, 9, 2, 18, 11, 
5, 21, 14, 7, 0, 16, 9, 2, 18, 11, 4, 20, 13, 6, 22, 15, 8, 1, 17, 10, 3, 19, 12, 
6, 22, 15, 8, 1, 17, 10, 3, 19, 12, 5, 21, 14, 7, 0, 16, 9, 2, 18, 11, 4, 20, 13, 
7, 0, 16, 9, 2, 18, 11, 4, 20, 13, 6, 22, 15, 8, 1, 17, 10, 3, 19, 12, 5, 21, 14, 
8, 1, 17, 10, 3, 19, 12, 5, 21, 14, 7, 0, 16, 9, 2, 18, 11, 4, 20, 13, 6, 22, 15, 
9, 2, 18, 11, 4, 20, 13, 6, 22, 15, 8, 1, 17, 10, 3, 19, 12, 5, 21, 14, 7, 0, 16, 
10, 3, 19, 12, 5, 21, 14, 7, 0, 16, 9, 2, 18, 11, 4, 20, 13, 6, 22, 15, 8, 1, 17, 
11, 4, 20, 13, 6, 22, 15, 8, 1, 17, 10, 3, 19, 12, 5, 21, 14, 7, 0, 16, 9, 2, 18, 
12, 5, 21, 14, 7, 0, 16, 9, 2, 18, 11, 4, 20, 13, 6, 22, 15, 8, 1, 17, 10, 3, 19, 
13, 6, 22, 15, 8, 1, 17, 10, 3, 19, 12, 5, 21, 14, 7, 0, 16, 9, 2, 18, 11, 4, 20, 
14, 7, 0, 16, 9, 2, 18, 11, 4, 20, 13, 6, 22, 15, 8, 1, 17, 10, 3, 19, 12, 5, 21, 
15, 8, 1, 17, 10, 3, 19, 12, 5, 21, 14, 7, 0, 16, 9, 2, 18, 11, 4, 20, 13, 6, 22, 
16, 9, 2, 18, 11, 4, 20, 13, 6, 22, 15, 8, 1, 17, 10, 3, 19, 12, 5, 21, 14, 7, 0, 
17, 10, 3, 19, 12, 5, 21, 14, 7, 0, 16, 9, 2, 18, 11, 4, 20, 13, 6, 22, 15, 8, 1, 
18, 11, 4, 20, 13, 6, 22, 15, 8, 1, 17, 10, 3, 19, 12, 5, 21, 14, 7, 0, 16, 9, 2, 
19, 12, 5, 21, 14, 7, 0, 16, 9, 2, 18, 11, 4, 20, 13, 6, 22, 15, 8, 1, 17, 10, 3, 
20, 13, 6, 22, 15, 8, 1, 17, 10, 3, 19, 12, 5, 21, 14, 7, 0, 16, 9, 2, 18, 11, 4, 
21, 14, 7, 0, 16, 9, 2, 18, 11, 4, 20, 13, 6, 22, 15, 8, 1, 17, 10, 3, 19, 12, 5, 
22, 15, 8, 1, 17, 10, 3, 19, 12, 5, 21, 14, 7, 0, 16, 9, 2, 18, 11, 4, 20, 13, 6, 

Latin Square 16:
0, 17, 11, 5, 22, 16, 10, 4, 21, 15, 9, 3, 20, 14, 8, 2, 19, 13, 7, 1, 18, 12, 6, 
1, 18, 12, 6, 0, 17, 11, 5, 22, 16, 10, 4, 21, 15, 9, 3, 20, 14, 8, 2, 19, 13, 7, 
2, 19, 13, 7, 1, 18, 12, 6, 0, 17, 11, 5, 22, 16, 10, 4, 21, 15, 9, 3, 20, 14, 8, 
3, 20, 14, 8, 2, 19, 13, 7, 1, 18, 12, 6, 0, 17, 11, 5, 22, 16, 10, 4, 21, 15, 9, 
4, 21, 15, 9, 3, 20, 14, 8, 2, 19, 13, 7, 1, 18, 12, 6, 0, 17, 11, 5, 22, 16, 10, 
5, 22, 16, 10, 4, 21, 15, 9, 3, 20, 14, 8, 2, 19, 13, 7, 1, 18, 12, 6, 0, 17, 11, 
6, 0, 17, 11, 5, 22, 16, 10, 4, 21, 15, 9, 3, 20, 14, 8, 2, 19, 13, 7, 1, 18, 12, 
7, 1, 18, 12, 6, 0, 17, 11, 5, 22, 16, 10, 4, 21, 15, 9, 3, 20, 14, 8, 2, 19, 13, 
8, 2, 19, 13, 7, 1, 18, 12, 6, 0, 17, 11, 5, 22, 16, 10, 4, 21, 15, 9, 3, 20, 14, 
9, 3, 20, 14, 8, 2, 19, 13, 7, 1, 18, 12, 6, 0, 17, 11, 5, 22, 16, 10, 4, 21, 15, 
10, 4, 21, 15, 9, 3, 20, 14, 8, 2, 19, 13, 7, 1, 18, 12, 6, 0, 17, 11, 5, 22, 16, 
11, 5, 22, 16, 10, 4, 21, 15, 9, 3, 20, 14, 8, 2, 19, 13, 7, 1, 18, 12, 6, 0, 17, 
12, 6, 0, 17, 11, 5, 22, 16, 10, 4, 21, 15, 9, 3, 20, 14, 8, 2, 19, 13, 7, 1, 18, 
13, 7, 1, 18, 12, 6, 0, 17, 11, 5, 22, 16, 10, 4, 21, 15, 9, 3, 20, 14, 8, 2, 19, 
14, 8, 2, 19, 13, 7, 1, 18, 12, 6, 0, 17, 11, 5, 22, 16, 10, 4, 21, 15, 9, 3, 20, 
15, 9, 3, 20, 14, 8, 2, 19, 13, 7, 1, 18, 12, 6, 0, 17, 11, 5, 22, 16, 10, 4, 21, 
16, 10, 4, 21, 15, 9, 3, 20, 14, 8, 2, 19, 13, 7, 1, 18, 12, 6, 0, 17, 11, 5, 22, 
17, 11, 5, 22, 16, 10, 4, 21, 15, 9, 3, 20, 14, 8, 2, 19, 13, 7, 1, 18, 12, 6, 0, 
18, 12, 6, 0, 17, 11, 5, 22, 16, 10, 4, 21, 15, 9, 3, 20, 14, 8, 2, 19, 13, 7, 1, 
19, 13, 7, 1, 18, 12, 6, 0, 17, 11, 5, 22, 16, 10, 4, 21, 15, 9, 3, 20, 14, 8, 2, 
20, 14, 8, 2, 19, 13, 7, 1, 18, 12, 6, 0, 17, 11, 5, 22, 16, 10, 4, 21, 15, 9, 3, 
21, 15, 9, 3, 20, 14, 8, 2, 19, 13, 7, 1, 18, 12, 6, 0, 17, 11, 5, 22, 16, 10, 4, 
22, 16, 10, 4, 21, 15, 9, 3, 20, 14, 8, 2, 19, 13, 7, 1, 18, 12, 6, 0, 17, 11, 5, 

Latin Square 17:
0, 18, 13, 8, 3, 21, 16, 11, 6, 1, 19, 14, 9, 4, 22, 17, 12, 7, 2, 20, 15, 10, 5, 
1, 19, 14, 9, 4, 22, 17, 12, 7, 2, 20, 15, 10, 5, 0, 18, 13, 8, 3, 21, 16, 11, 6, 
2, 20, 15, 10, 5, 0, 18, 13, 8, 3, 21, 16, 11, 6, 1, 19, 14, 9, 4, 22, 17, 12, 7, 
3, 21, 16, 11, 6, 1, 19, 14, 9, 4, 22, 17, 12, 7, 2, 20, 15, 10, 5, 0, 18, 13, 8, 
4, 22, 17, 12, 7, 2, 20, 15, 10, 5, 0, 18, 13, 8, 3, 21, 16, 11, 6, 1, 19, 14, 9, 
5, 0, 18, 13, 8, 3, 21, 16, 11, 6, 1, 19, 14, 9, 4, 22, 17, 12, 7, 2, 20, 15, 10, 
6, 1, 19, 14, 9, 4, 22, 17, 12, 7, 2, 20, 15, 10, 5, 0, 18, 13, 8, 3, 21, 16, 11, 
7, 2, 20, 15, 10, 5, 0, 18, 13, 8, 3, 21, 16, 11, 6, 1, 19, 14, 9, 4, 22, 17, 12, 
8, 3, 21, 16, 11, 6, 1, 19, 14, 9, 4, 22, 17, 12, 7, 2, 20, 15, 10, 5, 0, 18, 13, 
9, 4, 22, 17, 12, 7, 2, 20, 15, 10, 5, 0, 18, 13, 8, 3, 21, 16, 11, 6, 1, 19, 14, 
10, 5, 0, 18, 13, 8, 3, 21, 16, 11, 6, 1, 19, 14, 9, 4, 22, 17, 12, 7, 2, 20, 15, 
11, 6, 1, 19, 14, 9, 4, 22, 17, 12, 7, 2, 20, 15, 10, 5, 0, 18, 13, 8, 3, 21, 16, 
12, 7, 2, 20, 15, 10, 5, 0, 18, 13, 8, 3, 21, 16, 11, 6, 1, 19, 14, 9, 4, 22, 17, 
13, 8, 3, 21, 16, 11, 6, 1, 19, 14, 9, 4, 22, 17, 12, 7, 2, 20, 15, 10, 5, 0, 18, 
14, 9, 4, 22, 17, 12, 7, 2, 20, 15, 10, 5, 0, 18, 13, 8, 3, 21, 16, 11, 6, 1, 19, 
15, 10, 5, 0, 18, 13, 8, 3, 21, 16, 11, 6, 1, 19, 14, 9, 4, 22, 17, 12, 7, 2, 20, 
16, 11, 6, 1, 19, 14, 9, 4, 22, 17, 12, 7, 2, 20, 15, 10, 5, 0, 18, 13, 8, 3, 21, 
17, 12, 7, 2, 20, 15, 10, 5, 0, 18, 13, 8, 3, 21, 16, 11, 6, 1, 19, 14, 9, 4, 22, 
18, 13, 8, 3, 21, 16, 11, 6, 1, 19, 14, 9, 4, 22, 17, 12, 7, 2, 20, 15, 10, 5, 0, 
19, 14, 9, 4, 22, 17, 12, 7, 2, 20, 15, 10, 5, 0, 18, 13, 8, 3, 21, 16, 11, 6, 1, 
20, 15, 10, 5, 0, 18, 13, 8, 3, 21, 16, 11, 6, 1, 19, 14, 9, 4, 22, 17, 12, 7, 2, 
21, 16, 11, 6, 1, 19, 14, 9, 4, 22, 17, 12, 7, 2, 20, 15, 10, 5, 0, 18, 13, 8, 3, 
22, 17, 12, 7, 2, 20, 15, 10, 5, 0, 18, 13, 8, 3, 21, 16, 11, 6, 1, 19, 14, 9, 4, 

Latin Square 18:
0, 19, 15, 11, 7, 3, 22, 18, 14, 10, 6, 2, 21, 17, 13, 9, 5, 1, 20, 16, 12, 8, 4, 
1, 20, 16, 12, 8, 4, 0, 19, 15, 11, 7, 3, 22, 18, 14, 10, 6, 2, 21, 17, 13, 9, 5, 
2, 21, 17, 13, 9, 5, 1, 20, 16, 12, 8, 4, 0, 19, 15, 11, 7, 3, 22, 18, 14, 10, 6, 
3, 22, 18, 14, 10, 6, 2, 21, 17, 13, 9, 5, 1, 20, 16, 12, 8, 4, 0, 19, 15, 11, 7, 
4, 0, 19, 15, 11, 7, 3, 22, 18, 14, 10, 6, 2, 21, 17, 13, 9, 5, 1, 20, 16, 12, 8, 
5, 1, 20, 16, 12, 8, 4, 0, 19, 15, 11, 7, 3, 22, 18, 14, 10, 6, 2, 21, 17, 13, 9, 
6, 2, 21, 17, 13, 9, 5, 1, 20, 16, 12, 8, 4, 0, 19, 15, 11, 7, 3, 22, 18, 14, 10, 
7, 3, 22, 18, 14, 10, 6, 2, 21, 17, 13, 9, 5, 1, 20, 16, 12, 8, 4, 0, 19, 15, 11, 
8, 4, 0, 19, 15, 11, 7, 3, 22, 18, 14, 10, 6, 2, 21, 17, 13, 9, 5, 1, 20, 16, 12, 
9, 5, 1, 20, 16, 12, 8, 4, 0, 19, 15, 11, 7, 3, 22, 18, 14, 10, 6, 2, 21, 17, 13, 
10, 6, 2, 21, 17, 13, 9, 5, 1, 20, 16, 12, 8, 4, 0, 19, 15, 11, 7, 3, 22, 18, 14, 
11, 7, 3, 22, 18, 14, 10, 6, 2, 21, 17, 13, 9, 5, 1, 20, 16, 12, 8, 4, 0, 19, 15, 
12, 8, 4, 0, 19, 15, 11, 7, 3, 22, 18, 14, 10, 6, 2, 21, 17, 13, 9, 5, 1, 20, 16, 
13, 9, 5, 1, 20, 16, 12, 8, 4, 0, 19, 15, 11, 7, 3, 22, 18, 14, 10, 6, 2, 21, 17, 
14, 10, 6, 2, 21, 17, 13, 9, 5, 1, 20, 16, 12, 8, 4, 0, 19, 15, 11, 7, 3, 22, 18, 
15, 11, 7, 3, 22, 18, 14, 10, 6, 2, 21, 17, 13, 9, 5, 1, 20, 16, 12, 8, 4, 0, 19, 
16, 12, 8, 4, 0, 19, 15, 11, 7, 3, 22, 18, 14, 10, 6, 2, 21, 17, 13, 9, 5, 1, 20, 
17, 13, 9, 5, 1, 20, 16, 12, 8, 4, 0, 19, 15, 11, 7, 3, 22, 18, 14, 10, 6, 2, 21, 
18, 14, 10, 6, 2, 21, 17, 13, 9, 5, 1, 20, 16, 12, 8, 4, 0, 19, 15, 11, 7, 3, 22, 
19, 15, 11, 7, 3, 22, 18, 14, 10, 6, 2, 21, 17, 13, 9, 5, 1, 20, 16, 12, 8, 4, 0, 
20, 16, 12, 8, 4, 0, 19, 15, 11, 7, 3, 22, 18, 14, 10, 6, 2, 21, 17, 13, 9, 5, 1, 
21, 17, 13, 9, 5, 1, 20, 16, 12, 8, 4, 0, 19, 15, 11, 7, 3, 22, 18, 14, 10, 6, 2, 
22, 18, 14, 10, 6, 2, 21, 17, 13, 9, 5, 1, 20, 16, 12, 8, 4, 0, 19, 15, 11, 7, 3, 

Latin Square 19:
0, 20, 17, 14, 11, 8, 5, 2, 22, 19, 16, 13, 10, 7, 4, 1, 21, 18, 15, 12, 9, 6, 3, 
1, 21, 18, 15, 12, 9, 6, 3, 0, 20, 17, 14, 11, 8, 5, 2, 22, 19, 16, 13, 10, 7, 4, 
2, 22, 19, 16, 13, 10, 7, 4, 1, 21, 18, 15, 12, 9, 6, 3, 0, 20, 17, 14, 11, 8, 5, 
3, 0, 20, 17, 14, 11, 8, 5, 2, 22, 19, 16, 13, 10, 7, 4, 1, 21, 18, 15, 12, 9, 6, 
4, 1, 21, 18, 15, 12, 9, 6, 3, 0, 20, 17, 14, 11, 8, 5, 2, 22, 19, 16, 13, 10, 7, 
5, 2, 22, 19, 16, 13, 10, 7, 4, 1, 21, 18, 15, 12, 9, 6, 3, 0, 20, 17, 14, 11, 8, 
6, 3, 0, 20, 17, 14, 11, 8, 5, 2, 22, 19, 16, 13, 10, 7, 4, 1, 21, 18, 15, 12, 9, 
7, 4, 1, 21, 18, 15, 12, 9, 6, 3, 0, 20, 17, 14, 11, 8, 5, 2, 22, 19, 16, 13, 10, 
8, 5, 2, 22, 19, 16, 13, 10, 7, 4, 1, 21, 18, 15, 12, 9, 6, 3, 0, 20, 17, 14, 11, 
9, 6, 3, 0, 20, 17, 14, 11, 8, 5, 2, 22, 19, 16, 13, 10, 7, 4, 1, 21, 18, 15, 12, 
10, 7, 4, 1, 21, 18, 15, 12, 9, 6, 3, 0, 20, 17, 14, 11, 8, 5, 2, 22, 19, 16, 13, 
11, 8, 5, 2, 22, 19, 16, 13, 10, 7, 4, 1, 21, 18, 15, 12, 9, 6, 3, 0, 20, 17, 14, 
12, 9, 6, 3, 0, 20, 17, 14, 11, 8, 5, 2, 22, 19, 16, 13, 10, 7, 4, 1, 21, 18, 15, 
13, 10, 7, 4, 1, 21, 18, 15, 12, 9, 6, 3, 0, 20, 17, 14, 11, 8, 5, 2, 22, 19, 16, 
14, 11, 8, 5, 2, 22, 19, 16, 13, 10, 7, 4, 1, 21, 18, 15, 12, 9, 6, 3, 0, 20, 17, 
15, 12, 9, 6, 3, 0, 20, 17, 14, 11, 8, 5, 2, 22, 19, 16, 13, 10, 7, 4, 1, 21, 18, 
16, 13, 10, 7, 4, 1, 21, 18, 15, 12, 9, 6, 3, 0, 20, 17, 14, 11, 8, 5, 2, 22, 19, 
17, 14, 11, 8, 5, 2, 22, 19, 16, 13, 10, 7, 4, 1, 21, 18, 15, 12, 9, 6, 3, 0, 20, 
18, 15, 12, 9, 6, 3, 0, 20, 17, 14, 11, 8, 5, 2, 22, 19, 16, 13, 10, 7, 4, 1, 21, 
19, 16, 13, 10, 7, 4, 1, 21, 18, 15, 12, 9, 6, 3, 0, 20, 17, 14, 11, 8, 5, 2, 22, 
20, 17, 14, 11, 8, 5, 2, 22, 19, 16, 13, 10, 7, 4, 1, 21, 18, 15, 12, 9, 6, 3, 0, 
21, 18, 15, 12, 9, 6, 3, 0, 20, 17, 14, 11, 8, 5, 2, 22, 19, 16, 13, 10, 7, 4, 1, 
22, 19, 16, 13, 10, 7, 4, 1, 21, 18, 15, 12, 9, 6, 3, 0, 20, 17, 14, 11, 8, 5, 2, 

Latin Square 20:
0, 21, 19, 17, 15, 13, 11, 9, 7, 5, 3, 1, 22, 20, 18, 16, 14, 12, 10, 8, 6, 4, 2, 
1, 22, 20, 18, 16, 14, 12, 10, 8, 6, 4, 2, 0, 21, 19, 17, 15, 13, 11, 9, 7, 5, 3, 
2, 0, 21, 19, 17, 15, 13, 11, 9, 7, 5, 3, 1, 22, 20, 18, 16, 14, 12, 10, 8, 6, 4, 
3, 1, 22, 20, 18, 16, 14, 12, 10, 8, 6, 4, 2, 0, 21, 19, 17, 15, 13, 11, 9, 7, 5, 
4, 2, 0, 21, 19, 17, 15, 13, 11, 9, 7, 5, 3, 1, 22, 20, 18, 16, 14, 12, 10, 8, 6, 
5, 3, 1, 22, 20, 18, 16, 14, 12, 10, 8, 6, 4, 2, 0, 21, 19, 17, 15, 13, 11, 9, 7, 
6, 4, 2, 0, 21, 19, 17, 15, 13, 11, 9, 7, 5, 3, 1, 22, 20, 18, 16, 14, 12, 10, 8, 
7, 5, 3, 1, 22, 20, 18, 16, 14, 12, 10, 8, 6, 4, 2, 0, 21, 19, 17, 15, 13, 11, 9, 
8, 6, 4, 2, 0, 21, 19, 17, 15, 13, 11, 9, 7, 5, 3, 1, 22, 20, 18, 16, 14, 12, 10, 
9, 7, 5, 3, 1, 22, 20, 18, 16, 14, 12, 10, 8, 6, 4, 2, 0, 21, 19, 17, 15, 13, 11, 
10, 8, 6, 4, 2, 0, 21, 19, 17, 15, 13, 11, 9, 7, 5, 3, 1, 22, 20, 18, 16, 14, 12, 
11, 9, 7, 5, 3, 1, 22, 20, 18, 16, 14, 12, 10, 8, 6, 4, 2, 0, 21, 19, 17, 15, 13, 
12, 10, 8, 6, 4, 2, 0, 21, 19, 17, 15, 13, 11, 9, 7, 5, 3, 1, 22, 20, 18, 16, 14, 
13, 11, 9, 7, 5, 3, 1, 22, 20, 18, 16, 14, 12, 10, 8, 6, 4, 2, 0, 21, 19, 17, 15, 
14, 12, 10, 8, 6, 4, 2, 0, 21, 19, 17, 15, 13, 11, 9, 7, 5, 3, 1, 22, 20, 18, 16, 
15, 13, 11, 9, 7, 5, 3, 1, 22, 20, 18, 16, 14, 12, 10, 8, 6, 4, 2, 0, 21, 19, 17, 
16, 14, 12, 10, 8, 6, 4, 2, 0, 21, 19, 17, 15, 13, 11, 9, 7, 5, 3, 1, 22, 20, 18, 
17, 15, 13, 11, 9, 7, 5, 3, 1, 22, 20, 18, 16, 14, 12, 10, 8, 6, 4, 2, 0, 21, 19, 
18, 16, 14, 12, 10, 8, 6, 4, 2, 0, 21, 19, 17, 15, 13, 11, 9, 7, 5, 3, 1, 22, 20, 
19, 17, 15, 13, 11, 9, 7, 5, 3, 1, 22, 20, 18, 16, 14, 12, 10, 8, 6, 4, 2, 0, 21, 
20, 18, 16, 14, 12, 10, 8, 6, 4, 2, 0, 21, 19, 17, 15, 13, 11, 9, 7, 5, 3, 1, 22, 
21, 19, 17, 15, 13, 11, 9, 7, 5, 3, 1, 22, 20, 18, 16, 14, 12, 10, 8, 6, 4, 2, 0, 
22, 20, 18, 16, 14, 12, 10, 8, 6, 4, 2, 0, 21, 19, 17, 15, 13, 11, 9, 7, 5, 3, 1, 

Latin Square 21:
0, 22, 21, 20, 19, 18, 17, 16, 15, 14, 13, 12, 11, 10, 9, 8, 7, 6, 5, 4, 3, 2, 1, 
1, 0, 22, 21, 20, 19, 18, 17, 16, 15, 14, 13, 12, 11, 10, 9, 8, 7, 6, 5, 4, 3, 2, 
2, 1, 0, 22, 21, 20, 19, 18, 17, 16, 15, 14, 13, 12, 11, 10, 9, 8, 7, 6, 5, 4, 3, 
3, 2, 1, 0, 22, 21, 20, 19, 18, 17, 16, 15, 14, 13, 12, 11, 10, 9, 8, 7, 6, 5, 4, 
4, 3, 2, 1, 0, 22, 21, 20, 19, 18, 17, 16, 15, 14, 13, 12, 11, 10, 9, 8, 7, 6, 5, 
5, 4, 3, 2, 1, 0, 22, 21, 20, 19, 18, 17, 16, 15, 14, 13, 12, 11, 10, 9, 8, 7, 6, 
6, 5, 4, 3, 2, 1, 0, 22, 21, 20, 19, 18, 17, 16, 15, 14, 13, 12, 11, 10, 9, 8, 7, 
7, 6, 5, 4, 3, 2, 1, 0, 22, 21, 20, 19, 18, 17, 16, 15, 14, 13, 12, 11, 10, 9, 8, 
8, 7, 6, 5, 4, 3, 2, 1, 0, 22, 21, 20, 19, 18, 17, 16, 15, 14, 13, 12, 11, 10, 9, 
9, 8, 7, 6, 5, 4, 3, 2, 1, 0, 22, 21, 20, 19, 18, 17, 16, 15, 14, 13, 12, 11, 10, 
10, 9, 8, 7, 6, 5, 4, 3, 2, 1, 0, 22, 21, 20, 19, 18, 17, 16, 15, 14, 13, 12, 11, 
11, 10, 9, 8, 7, 6, 5, 4, 3, 2, 1, 0, 22, 21, 20, 19, 18, 17, 16, 15, 14, 13, 12, 
12, 11, 10, 9, 8, 7, 6, 5, 4, 3, 2, 1, 0, 22, 21, 20, 19, 18, 17, 16, 15, 14, 13, 
13, 12, 11, 10, 9, 8, 7, 6, 5, 4, 3, 2, 1, 0, 22, 21, 20, 19, 18, 17, 16, 15, 14, 
14, 13, 12, 11, 10, 9, 8, 7, 6, 5, 4, 3, 2, 1, 0, 22, 21, 20, 19, 18, 17, 16, 15, 
15, 14, 13, 12, 11, 10, 9, 8, 7, 6, 5, 4, 3, 2, 1, 0, 22, 21, 20, 19, 18, 17, 16, 
16, 15, 14, 13, 12, 11, 10, 9, 8, 7, 6, 5, 4, 3, 2, 1, 0, 22, 21, 20, 19, 18, 17, 
17, 16, 15, 14, 13, 12, 11, 10, 9, 8, 7, 6, 5, 4, 3, 2, 1, 0, 22, 21, 20, 19, 18, 
18, 17, 16, 15, 14, 13, 12, 11, 10, 9, 8, 7, 6, 5, 4, 3, 2, 1, 0, 22, 21, 20, 19, 
19, 18, 17, 16, 15, 14, 13, 12, 11, 10, 9, 8, 7, 6, 5, 4, 3, 2, 1, 0, 22, 21, 20, 
20, 19, 18, 17, 16, 15, 14, 13, 12, 11, 10, 9, 8, 7, 6, 5, 4, 3, 2, 1, 0, 22, 21, 
21, 20, 19, 18, 17, 16, 15, 14, 13, 12, 11, 10, 9, 8, 7, 6, 5, 4, 3, 2, 1, 0, 22, 
22, 21, 20, 19, 18, 17, 16, 15, 14, 13, 12, 11, 10, 9, 8, 7, 6, 5, 4, 3, 2, 1, 0, 

