Latin Square 0:
0, 1, 2, 3, 4, 5, 6, 7, 8, 9, 10, 11, 12, 13, 14, 15, 16, 17, 18, 
1, 2, 3, 4, 5, 6, 7, 8, 9, 10, 11, 12, 13, 14, 15, 16, 17, 18, 0, 
2, 3, 4, 5, 6, 7, 8, 9, 10, 11, 12, 13, 14, 15, 16, 17, 18, 0, 1, 
3, 4, 5, 6, 7, 8, 9, 10, 11, 12, 13, 14, 15, 16, 17, 18, 0, 1, 2, 
4, 5, 6, 7, 8, 9, 10, 11, 12, 13, 14, 15, 16, 17, 18, 0, 1, 2, 3, 
5, 6, 7, 8, 9, 10, 11, 12, 13, 14, 15, 16, 17, 18, 0, 1, 2, 3, 4, 
6, 7, 8, 9, 10, 11, 12, 13, 14, 15, 16, 17, 18, 0, 1, 2, 3, 4, 5, 
7, 8, 9, 10, 11, 12, 13, 14, 15, 16, 17, 18, 0, 1, 2, 3, 4, 5, 6, 
8, 9, 10, 11, 12, 13, 14, 15, 16, 17, 18, 0, 1, 2, 3, 4, 5, 6, 7, 
9, 10, 11, 12, 13, 14, 15, 16, 17, 18, 0, 1, 2, 3, 4, 5, 6, 7, 8, 
10, 11, 12, 13, 14, 15, 16, 17, 18, 0, 1, 2, 3, 4, 5, 6, 7, 8, 9, 
11, 12, 13, 14, 15, 16, 17, 18, 0, 1, 2, 3, 4, 5, 6, 7, 8, 9, 10, 
12, 13, 14, 15, 16, 17, 18, 0, 1, 2, 3, 4, 5, 6, 7, 8, 9, 10, 11, 
13, 14, 15, 16, 17, 18, 0, 1, 2, 3, 4, 5, 6, 7, 8, 9, 10, 11, 12, 
14, 15, 16, 17, 18, 0, 1, 2, 3, 4, 5, 6, 7, 8, 9, 10, 11, 12, 13, 
15, 16, 17, 18, 0, 1, 2, 3, 4, 5, 6, 7, 8, 9, 10, 11, 12, 13, 14, 
16, 17, 18, 0, 1, 2, 3, 4, 5, 6, 7, 8, 9, 10, 11, 12, 13, 14, 15, 
17, 18, 0, 1, 2, 3, 4, 5, 6, 7, 8, 9, 10, 11, 12, 13, 14, 15, 16, 
18, 0, 1, 2, 3, 4, 5, 6, 7, 8, 9, 10, 11, 12, 13, 14, 15, 16, 17, 

Latin Square 1:
0, 2, 4, 6, 8, 10, 12, 14, 16, 18, 1, 3, 5, 7, 9, 11, 13, 15, 17, 
1, 3, 5, 7, 9, 11, 13, 15, 17, 0, 2, 4, 6, 8, 10, 12, 14, 16, 18, 
2, 4, 6, 8, 10, 12, 14, 16, 18, 1, 3, 5, 7, 9, 11, 13, 15, 17, 0, 
3, 5, 7, 9, 11, 13, 15, 17, 0, 2, 4, 6, 8, 10, 12, 14, 16, 18, 1, 
4, 6, 8, 10, 12, 14, 16, 18, 1, 3, 5, 7, 9, 11, 13, 15, 17, 0, 2, 
5, 7, 9, 11, 13, 15, 17, 0, 2, 4, 6, 8, 10, 12, 14, 16, 18, 1, 3, 
6, 8, 10, 12, 14, 16, 18, 1, 3, 5, 7, 9, 11, 13, 15, 17, 0, 2, 4, 
7, 9, 11, 13, 15, 17, 0, 2, 4, 6, 8, 10, 12, 14, 16, 18, 1, 3, 5, 
8, 10, 12, 14, 16, 18, 1, 3, 5, 7, 9, 11, 13, 15, 17, 0, 2, 4, 6, 
9, 11, 13, 15, 17, 0, 2, 4, 6, 8, 10, 12, 14, 16, 18, 1, 3, 5, 7, 
10, 12, 14, 16, 18, 1, 3, 5, 7, 9, 11, 13, 15, 17, 0, 2, 4, 6, 8, 
11, 13, 15, 17, 0, 2, 4, 6, 8, 10, 12, 14, 16, 18, 1, 3, 5, 7, 9, 
12, 14, 16, 18, 1, 3, 5, 7, 9, 11, 13, 15, 17, 0, 2, 4, 6, 8, 10, 
13, 15, 17, 0, 2, 4, 6, 8, 10, 12, 14, 16, 18, 1, 3, 5, 7, 9, 11, 
14, 16, 18, 1, 3, 5, 7, 9, 11, 13, 15, 17, 0, 2, 4, 6, 8, 10, 12, 
15, 17, 0, 2, 4, 6, 8, 10, 12, 14, 16, 18, 1, 3, 5, 7, 9, 11, 13, 
16, 18, 1, 3, 5, 7, 9, 11, 13, 15, 17, 0, 2, 4, 6, 8, 10, 12, 14, 
17, 0, 2, 4, 6, 8, 10, 12, 14, 16, 18, 1, 3, 5, 7, 9, 11, 13, 15, 
18, 1, 3, 5, 7, 9, 11, 13, 15, 17, 0, 2, 4, 6, 8, 10, 12, 14, 16, 

Latin Square 2:
0, 3, 6, 9, 12, 15, 18, 2, 5, 8, 11, 14, 17, 1, 4, 7, 10, 13, 16, 
1, 4, 7, 10, 13, 16, 0, 3, 6, 9, 12, 15, 18, 2, 5, 8, 11, 14, 17, 
2, 5, 8, 11, 14, 17, 1, 4, 7, 10, 13, 16, 0, 3, 6, 9, 12, 15, 18, 
3, 6, 9, 12, 15, 18, 2, 5, 8, 11, 14, 17, 1, 4, 7, 10, 13, 16, 0, 
4, 7, 10, 13, 16, 0, 3, 6, 9, 12, 15, 18, 2, 5, 8, 11, 14, 17, 1, 
5, 8, 11, 14, 17, 1, 4, 7, 10, 13, 16, 0, 3, 6, 9, 12, 15, 18, 2, 
6, 9, 12, 15, 18, 2, 5, 8, 11, 14, 17, 1, 4, 7, 10, 13, 16, 0, 3, 
7, 10, 13, 16, 0, 3, 6, 9, 12, 15, 18, 2, 5, 8, 11, 14, 17, 1, 4, 
8, 11, 14, 17, 1, 4, 7, 10, 13, 16, 0, 3, 6, 9, 12, 15, 18, 2, 5, 
9, 12, 15, 18, 2, 5, 8, 11, 14, 17, 1, 4, 7, 10, 13, 16, 0, 3, 6, 
10, 13, 16, 0, 3, 6, 9, 12, 15, 18, 2, 5, 8, 11, 14, 17, 1, 4, 7, 
11, 14, 17, 1, 4, 7, 10, 13, 16, 0, 3, 6, 9, 12, 15, 18, 2, 5, 8, 
12, 15, 18, 2, 5, 8, 11, 14, 17, 1, 4, 7, 10, 13, 16, 0, 3, 6, 9, 
13, 16, 0, 3, 6, 9, 12, 15, 18, 2, 5, 8, 11, 14, 17, 1, 4, 7, 10, 
14, 17, 1, 4, 7, 10, 13, 16, 0, 3, 6, 9, 12, 15, 18, 2, 5, 8, 11, 
15, 18, 2, 5, 8, 11, 14, 17, 1, 4, 7, 10, 13, 16, 0, 3, 6, 9, 12, 
16, 0, 3, 6, 9, 12, 15, 18, 2, 5, 8, 11, 14, 17, 1, 4, 7, 10, 13, 
17, 1, 4, 7, 10, 13, 16, 0, 3, 6, 9, 12, 15, 18, 2, 5, 8, 11, 14, 
18, 2, 5, 8, 11, 14, 17, 1, 4, 7, 10, 13, 16, 0, 3, 6, 9, 12, 15, 

Latin Square 3:
0, 4, 8, 12, 16, 1, 5, 9, 13, 17, 2, 6, 10, 14, 18, 3, 7, 11, 15, 
1, 5, 9, 13, 17, 2, 6, 10, 14, 18, 3, 7, 11, 15, 0, 4, 8, 12, 16, 
2, 6, 10, 14, 18, 3, 7, 11, 15, 0, 4, 8, 12, 16, 1, 5, 9, 13, 17, 
3, 7, 11, 15, 0, 4, 8, 12, 16, 1, 5, 9, 13, 17, 2, 6, 10, 14, 18, 
4, 8, 12, 16, 1, 5, 9, 13, 17, 2, 6, 10, 14, 18, 3, 7, 11, 15, 0, 
5, 9, 13, 17, 2, 6, 10, 14, 18, 3, 7, 11, 15, 0, 4, 8, 12, 16, 1, 
6, 10, 14, 18, 3, 7, 11, 15, 0, 4, 8, 12, 16, 1, 5, 9, 13, 17, 2, 
7, 11, 15, 0, 4, 8, 12, 16, 1, 5, 9, 13, 17, 2, 6, 10, 14, 18, 3, 
8, 12, 16, 1, 5, 9, 13, 17, 2, 6, 10, 14, 18, 3, 7, 11, 15, 0, 4, 
9, 13, 17, 2, 6, 10, 14, 18, 3, 7, 11, 15, 0, 4, 8, 12, 16, 1, 5, 
10, 14, 18, 3, 7, 11, 15, 0, 4, 8, 12, 16, 1, 5, 9, 13, 17, 2, 6, 
11, 15, 0, 4, 8, 12, 16, 1, 5, 9, 13, 17, 2, 6, 10, 14, 18, 3, 7, 
12, 16, 1, 5, 9, 13, 17, 2, 6, 10, 14, 18, 3, 7, 11, 15, 0, 4, 8, 
13, 17, 2, 6, 10, 14, 18, 3, 7, 11, 15, 0, 4, 8, 12, 16, 1, 5, 9, 
14, 18, 3, 7, 11, 15, 0, 4, 8, 12, 16, 1, 5, 9, 13, 17, 2, 6, 10, 
15, 0, 4, 8, 12, 16, 1, 5, 9, 13, 17, 2, 6, 10, 14, 18, 3, 7, 11, 
16, 1, 5, 9, 13, 17, 2, 6, 10, 14, 18, 3, 7, 11, 15, 0, 4, 8, 12, 
17, 2, 6, 10, 14, 18, 3, 7, 11, 15, 0, 4, 8, 12, 16, 1, 5, 9, 13, 
18, 3, 7, 11, 15, 0, 4, 8, 12, 16, 1, 5, 9, 13, 17, 2, 6, 10, 14, 

Latin Square 4:
0, 5, 10, 15, 1, 6, 11, 16, 2, 7, 12, 17, 3, 8, 13, 18, 4, 9, 14, 
1, 6, 11, 16, 2, 7, 12, 17, 3, 8, 13, 18, 4, 9, 14, 0, 5, 10, 15, 
2, 7, 12, 17, 3, 8, 13, 18, 4, 9, 14, 0, 5, 10, 15, 1, 6, 11, 16, 
3, 8, 13, 18, 4, 9, 14, 0, 5, 10, 15, 1, 6, 11, 16, 2, 7, 12, 17, 
4, 9, 14, 0, 5, 10, 15, 1, 6, 11, 16, 2, 7, 12, 17, 3, 8, 13, 18, 
5, 10, 15, 1, 6, 11, 16, 2, 7, 12, 17, 3, 8, 13, 18, 4, 9, 14, 0, 
6, 11, 16, 2, 7, 12, 17, 3, 8, 13, 18, 4, 9, 14, 0, 5, 10, 15, 1, 
7, 12, 17, 3, 8, 13, 18, 4, 9, 14, 0, 5, 10, 15, 1, 6, 11, 16, 2, 
8, 13, 18, 4, 9, 14, 0, 5, 10, 15, 1, 6, 11, 16, 2, 7, 12, 17, 3, 
9, 14, 0, 5, 10, 15, 1, 6, 11, 16, 2, 7, 12, 17, 3, 8, 13, 18, 4, 
10, 15, 1, 6, 11, 16, 2, 7, 12, 17, 3, 8, 13, 18, 4, 9, 14, 0, 5, 
11, 16, 2, 7, 12, 17, 3, 8, 13, 18, 4, 9, 14, 0, 5, 10, 15, 1, 6, 
12, 17, 3, 8, 13, 18, 4, 9, 14, 0, 5, 10, 15, 1, 6, 11, 16, 2, 7, 
13, 18, 4, 9, 14, 0, 5, 10, 15, 1, 6, 11, 16, 2, 7, 12, 17, 3, 8, 
14, 0, 5, 10, 15, 1, 6, 11, 16, 2, 7, 12, 17, 3, 8, 13, 18, 4, 9, 
15, 1, 6, 11, 16, 2, 7, 12, 17, 3, 8, 13, 18, 4, 9, 14, 0, 5, 10, 
16, 2, 7, 12, 17, 3, 8, 13, 18, 4, 9, 14, 0, 5, 10, 15, 1, 6, 11, 
17, 3, 8, 13, 18, 4, 9, 14, 0, 5, 10, 15, 1, 6, 11, 16, 2, 7, 12, 
18, 4, 9, 14, 0, 5, 10, 15, 1, 6, 11, 16, 2, 7, 12, 17, 3, 8, 13, 

Latin Square 5:
0, 6, 12, 18, 5, 11, 17, 4, 10, 16, 3, 9, 15, 2, 8, 14, 1, 7, 13, 
1, 7, 13, 0, 6, 12, 18, 5, 11, 17, 4, 10, 16, 3, 9, 15, 2, 8, 14, 
2, 8, 14, 1, 7, 13, 0, 6, 12, 18, 5, 11, 17, 4, 10, 16, 3, 9, 15, 
3, 9, 15, 2, 8, 14, 1, 7, 13, 0, 6, 12, 18, 5, 11, 17, 4, 10, 16, 
4, 10, 16, 3, 9, 15, 2, 8, 14, 1, 7, 13, 0, 6, 12, 18, 5, 11, 17, 
5, 11, 17, 4, 10, 16, 3, 9, 15, 2, 8, 14, 1, 7, 13, 0, 6, 12, 18, 
6, 12, 18, 5, 11, 17, 4, 10, 16, 3, 9, 15, 2, 8, 14, 1, 7, 13, 0, 
7, 13, 0, 6, 12, 18, 5, 11, 17, 4, 10, 16, 3, 9, 15, 2, 8, 14, 1, 
8, 14, 1, 7, 13, 0, 6, 12, 18, 5, 11, 17, 4, 10, 16, 3, 9, 15, 2, 
9, 15, 2, 8, 14, 1, 7, 13, 0, 6, 12, 18, 5, 11, 17, 4, 10, 16, 3, 
10, 16, 3, 9, 15, 2, 8, 14, 1, 7, 13, 0, 6, 12, 18, 5, 11, 17, 4, 
11, 17, 4, 10, 16, 3, 9, 15, 2, 8, 14, 1, 7, 13, 0, 6, 12, 18, 5, 
12, 18, 5, 11, 17, 4, 10, 16, 3, 9, 15, 2, 8, 14, 1, 7, 13, 0, 6, 
13, 0, 6, 12, 18, 5, 11, 17, 4, 10, 16, 3, 9, 15, 2, 8, 14, 1, 7, 
14, 1, 7, 13, 0, 6, 12, 18, 5, 11, 17, 4, 10, 16, 3, 9, 15, 2, 8, 
15, 2, 8, 14, 1, 7, 13, 0, 6, 12, 18, 5, 11, 17, 4, 10, 16, 3, 9, 
16, 3, 9, 15, 2, 8, 14, 1, 7, 13, 0, 6, 12, 18, 5, 11, 17, 4, 10, 
17, 4, 10, 16, 3, 9, 15, 2, 8, 14, 1, 7, 13, 0, 6, 12, 18, 5, 11, 
18, 5, 11, 17, 4, 10, 16, 3, 9, 15, 2, 8, 14, 1, 7, 13, 0, 6, 12, 

Latin Square 6:
0, 7, 14, 2, 9, 16, 4, 11, 18, 6, 13, 1, 8, 15, 3, 10, 17, 5, 12, 
1, 8, 15, 3, 10, 17, 5, 12, 0, 7, 14, 2, 9, 16, 4, 11, 18, 6, 13, 
2, 9, 16, 4, 11, 18, 6, 13, 1, 8, 15, 3, 10, 17, 5, 12, 0, 7, 14, 
3, 10, 17, 5, 12, 0, 7, 14, 2, 9, 16, 4, 11, 18, 6, 13, 1, 8, 15, 
4, 11, 18, 6, 13, 1, 8, 15, 3, 10, 17, 5, 12, 0, 7, 14, 2, 9, 16, 
5, 12, 0, 7, 14, 2, 9, 16, 4, 11, 18, 6, 13, 1, 8, 15, 3, 10, 17, 
6, 13, 1, 8, 15, 3, 10, 17, 5, 12, 0, 7, 14, 2, 9, 16, 4, 11, 18, 
7, 14, 2, 9, 16, 4, 11, 18, 6, 13, 1, 8, 15, 3, 10, 17, 5, 12, 0, 
8, 15, 3, 10, 17, 5, 12, 0, 7, 14, 2, 9, 16, 4, 11, 18, 6, 13, 1, 
9, 16, 4, 11, 18, 6, 13, 1, 8, 15, 3, 10, 17, 5, 12, 0, 7, 14, 2, 
10, 17, 5, 12, 0, 7, 14, 2, 9, 16, 4, 11, 18, 6, 13, 1, 8, 15, 3, 
11, 18, 6, 13, 1, 8, 15, 3, 10, 17, 5, 12, 0, 7, 14, 2, 9, 16, 4, 
12, 0, 7, 14, 2, 9, 16, 4, 11, 18, 6, 13, 1, 8, 15, 3, 10, 17, 5, 
13, 1, 8, 15, 3, 10, 17, 5, 12, 0, 7, 14, 2, 9, 16, 4, 11, 18, 6, 
14, 2, 9, 16, 4, 11, 18, 6, 13, 1, 8, 15, 3, 10, 17, 5, 12, 0, 7, 
15, 3, 10, 17, 5, 12, 0, 7, 14, 2, 9, 16, 4, 11, 18, 6, 13, 1, 8, 
16, 4, 11, 18, 6, 13, 1, 8, 15, 3, 10, 17, 5, 12, 0, 7, 14, 2, 9, 
17, 5, 12, 0, 7, 14, 2, 9, 16, 4, 11, 18, 6, 13, 1, 8, 15, 3, 10, 
18, 6, 13, 1, 8, 15, 3, 10, 17, 5, 12, 0, 7, 14, 2, 9, 16, 4, 11, 

Latin Square 7:
0, 8, 16, 5, 13, 2, 10, 18, 7, 15, 4, 12, 1, 9, 17, 6, 14, 3, 11, 
1, 9, 17, 6, 14, 3, 11, 0, 8, 16, 5, 13, 2, 10, 18, 7, 15, 4, 12, 
2, 10, 18, 7, 15, 4, 12, 1, 9, 17, 6, 14, 3, 11, 0, 8, 16, 5, 13, 
3, 11, 0, 8, 16, 5, 13, 2, 10, 18, 7, 15, 4, 12, 1, 9, 17, 6, 14, 
4, 12, 1, 9, 17, 6, 14, 3, 11, 0, 8, 16, 5, 13, 2, 10, 18, 7, 15, 
5, 13, 2, 10, 18, 7, 15, 4, 12, 1, 9, 17, 6, 14, 3, 11, 0, 8, 16, 
6, 14, 3, 11, 0, 8, 16, 5, 13, 2, 10, 18, 7, 15, 4, 12, 1, 9, 17, 
7, 15, 4, 12, 1, 9, 17, 6, 14, 3, 11, 0, 8, 16, 5, 13, 2, 10, 18, 
8, 16, 5, 13, 2, 10, 18, 7, 15, 4, 12, 1, 9, 17, 6, 14, 3, 11, 0, 
9, 17, 6, 14, 3, 11, 0, 8, 16, 5, 13, 2, 10, 18, 7, 15, 4, 12, 1, 
10, 18, 7, 15, 4, 12, 1, 9, 17, 6, 14, 3, 11, 0, 8, 16, 5, 13, 2, 
11, 0, 8, 16, 5, 13, 2, 10, 18, 7, 15, 4, 12, 1, 9, 17, 6, 14, 3, 
12, 1, 9, 17, 6, 14, 3, 11, 0, 8, 16, 5, 13, 2, 10, 18, 7, 15, 4, 
13, 2, 10, 18, 7, 15, 4, 12, 1, 9, 17, 6, 14, 3, 11, 0, 8, 16, 5, 
14, 3, 11, 0, 8, 16, 5, 13, 2, 10, 18, 7, 15, 4, 12, 1, 9, 17, 6, 
15, 4, 12, 1, 9, 17, 6, 14, 3, 11, 0, 8, 16, 5, 13, 2, 10, 18, 7, 
16, 5, 13, 2, 10, 18, 7, 15, 4, 12, 1, 9, 17, 6, 14, 3, 11, 0, 8, 
17, 6, 14, 3, 11, 0, 8, 16, 5, 13, 2, 10, 18, 7, 15, 4, 12, 1, 9, 
18, 7, 15, 4, 12, 1, 9, 17, 6, 14, 3, 11, 0, 8, 16, 5, 13, 2, 10, 

Latin Square 8:
0, 9, 18, 8, 17, 7, 16, 6, 15, 5, 14, 4, 13, 3, 12, 2, 11, 1, 10, 
1, 10, 0, 9, 18, 8, 17, 7, 16, 6, 15, 5, 14, 4, 13, 3, 12, 2, 11, 
2, 11, 1, 10, 0, 9, 18, 8, 17, 7, 16, 6, 15, 5, 14, 4, 13, 3, 12, 
3, 12, 2, 11, 1, 10, 0, 9, 18, 8, 17, 7, 16, 6, 15, 5, 14, 4, 13, 
4, 13, 3, 12, 2, 11, 1, 10, 0, 9, 18, 8, 17, 7, 16, 6, 15, 5, 14, 
5, 14, 4, 13, 3, 12, 2, 11, 1, 10, 0, 9, 18, 8, 17, 7, 16, 6, 15, 
6, 15, 5, 14, 4, 13, 3, 12, 2, 11, 1, 10, 0, 9, 18, 8, 17, 7, 16, 
7, 16, 6, 15, 5, 14, 4, 13, 3, 12, 2, 11, 1, 10, 0, 9, 18, 8, 17, 
8, 17, 7, 16, 6, 15, 5, 14, 4, 13, 3, 12, 2, 11, 1, 10, 0, 9, 18, 
9, 18, 8, 17, 7, 16, 6, 15, 5, 14, 4, 13, 3, 12, 2, 11, 1, 10, 0, 
10, 0, 9, 18, 8, 17, 7, 16, 6, 15, 5, 14, 4, 13, 3, 12, 2, 11, 1, 
11, 1, 10, 0, 9, 18, 8, 17, 7, 16, 6, 15, 5, 14, 4, 13, 3, 12, 2, 
12, 2, 11, 1, 10, 0, 9, 18, 8, 17, 7, 16, 6, 15, 5, 14, 4, 13, 3, 
13, 3, 12, 2, 11, 1, 10, 0, 9, 18, 8, 17, 7, 16, 6, 15, 5, 14, 4, 
14, 4, 13, 3, 12, 2, 11, 1, 10, 0, 9, 18, 8, 17, 7, 16, 6, 15, 5, 
15, 5, 14, 4, 13, 3, 12, 2, 11, 1, 10, 0, 9, 18, 8, 17, 7, 16, 6, 
16, 6, 15, 5, 14, 4, 13, 3, 12, 2, 11, 1, 10, 0, 9, 18, 8, 17, 7, 
17, 7, 16, 6, 15, 5, 14, 4, 13, 3, 12, 2, 11, 1, 10, 0, 9, 18, 8, 
18, 8, 17, 7, 16, 6, 15, 5, 14, 4, 13, 3, 12, 2, 11, 1, 10, 0, 9, 

Latin Square 9:
0, 10, 1, 11, 2, 12, 3, 13, 4, 14, 5, 15, 6, 16, 7, 17, 8, 18, 9, 
1, 11, 2, 12, 3, 13, 4, 14, 5, 15, 6, 16, 7, 17, 8, 18, 9, 0, 10, 
2, 12, 3, 13, 4, 14, 5, 15, 6, 16, 7, 17, 8, 18, 9, 0, 10, 1, 11, 
3, 13, 4, 14, 5, 15, 6, 16, 7, 17, 8, 18, 9, 0, 10, 1, 11, 2, 12, 
4, 14, 5, 15, 6, 16, 7, 17, 8, 18, 9, 0, 10, 1, 11, 2, 12, 3, 13, 
5, 15, 6, 16, 7, 17, 8, 18, 9, 0, 10, 1, 11, 2, 12, 3, 13, 4, 14, 
6, 16, 7, 17, 8, 18, 9, 0, 10, 1, 11, 2, 12, 3, 13, 4, 14, 5, 15, 
7, 17, 8, 18, 9, 0, 10, 1, 11, 2, 12, 3, 13, 4, 14, 5, 15, 6, 16, 
8, 18, 9, 0, 10, 1, 11, 2, 12, 3, 13, 4, 14, 5, 15, 6, 16, 7, 17, 
9, 0, 10, 1, 11, 2, 12, 3, 13, 4, 14, 5, 15, 6, 16, 7, 17, 8, 18, 
10, 1, 11, 2, 12, 3, 13, 4, 14, 5, 15, 6, 16, 7, 17, 8, 18, 9, 0, 
11, 2, 12, 3, 13, 4, 14, 5, 15, 6, 16, 7, 17, 8, 18, 9, 0, 10, 1, 
12, 3, 13, 4, 14, 5, 15, 6, 16, 7, 17, 8, 18, 9, 0, 10, 1, 11, 2, 
13, 4, 14, 5, 15, 6, 16, 7, 17, 8, 18, 9, 0, 10, 1, 11, 2, 12, 3, 
14, 5, 15, 6, 16, 7, 17, 8, 18, 9, 0, 10, 1, 11, 2, 12, 3, 13, 4, 
15, 6, 16, 7, 17, 8, 18, 9, 0, 10, 1, 11, 2, 12, 3, 13, 4, 14, 5, 
16, 7, 17, 8, 18, 9, 0, 10, 1, 11, 2, 12, 3, 13, 4, 14, 5, 15, 6, 
17, 8, 18, 9, 0, 10, 1, 11, 2, 12, 3, 13, 4, 14, 5, 15, 6, 16, 7, 
18, 9, 0, 10, 1, 11, 2, 12, 3, 13, 4, 14, 5, 15, 6, 16, 7, 17, 8, 

Latin Square 10:
0, 11, 3, 14, 6, 17, 9, 1, 12, 4, 15, 7, 18, 10, 2, 13, 5, 16, 8, 
1, 12, 4, 15, 7, 18, 10, 2, 13, 5, 16, 8, 0, 11, 3, 14, 6, 17, 9, 
2, 13, 5, 16, 8, 0, 11, 3, 14, 6, 17, 9, 1, 12, 4, 15, 7, 18, 10, 
3, 14, 6, 17, 9, 1, 12, 4, 15, 7, 18, 10, 2, 13, 5, 16, 8, 0, 11, 
4, 15, 7, 18, 10, 2, 13, 5, 16, 8, 0, 11, 3, 14, 6, 17, 9, 1, 12, 
5, 16, 8, 0, 11, 3, 14, 6, 17, 9, 1, 12, 4, 15, 7, 18, 10, 2, 13, 
6, 17, 9, 1, 12, 4, 15, 7, 18, 10, 2, 13, 5, 16, 8, 0, 11, 3, 14, 
7, 18, 10, 2, 13, 5, 16, 8, 0, 11, 3, 14, 6, 17, 9, 1, 12, 4, 15, 
8, 0, 11, 3, 14, 6, 17, 9, 1, 12, 4, 15, 7, 18, 10, 2, 13, 5, 16, 
9, 1, 12, 4, 15, 7, 18, 10, 2, 13, 5, 16, 8, 0, 11, 3, 14, 6, 17, 
10, 2, 13, 5, 16, 8, 0, 11, 3, 14, 6, 17, 9, 1, 12, 4, 15, 7, 18, 
11, 3, 14, 6, 17, 9, 1, 12, 4, 15, 7, 18, 10, 2, 13, 5, 16, 8, 0, 
12, 4, 15, 7, 18, 10, 2, 13, 5, 16, 8, 0, 11, 3, 14, 6, 17, 9, 1, 
13, 5, 16, 8, 0, 11, 3, 14, 6, 17, 9, 1, 12, 4, 15, 7, 18, 10, 2, 
14, 6, 17, 9, 1, 12, 4, 15, 7, 18, 10, 2, 13, 5, 16, 8, 0, 11, 3, 
15, 7, 18, 10, 2, 13, 5, 16, 8, 0, 11, 3, 14, 6, 17, 9, 1, 12, 4, 
16, 8, 0, 11, 3, 14, 6, 17, 9, 1, 12, 4, 15, 7, 18, 10, 2, 13, 5, 
17, 9, 1, 12, 4, 15, 7, 18, 10, 2, 13, 5, 16, 8, 0, 11, 3, 14, 6, 
18, 10, 2, 13, 5, 16, 8, 0, 11, 3, 14, 6, 17, 9, 1, 12, 4, 15, 7, 

Latin Square 11:
0, 12, 5, 17, 10, 3, 15, 8, 1, 13, 6, 18, 11, 4, 16, 9, 2, 14, 7, 
1, 13, 6, 18, 11, 4, 16, 9, 2, 14, 7, 0, 12, 5, 17, 10, 3, 15, 8, 
2, 14, 7, 0, 12, 5, 17, 10, 3, 15, 8, 1, 13, 6, 18, 11, 4, 16, 9, 
3, 15, 8, 1, 13, 6, 18, 11, 4, 16, 9, 2, 14, 7, 0, 12, 5, 17, 10, 
4, 16, 9, 2, 14, 7, 0, 12, 5, 17, 10, 3, 15, 8, 1, 13, 6, 18, 11, 
5, 17, 10, 3, 15, 8, 1, 13, 6, 18, 11, 4, 16, 9, 2, 14, 7, 0, 12, 
6, 18, 11, 4, 16, 9, 2, 14, 7, 0, 12, 5, 17, 10, 3, 15, 8, 1, 13, 
7, 0, 12, 5, 17, 10, 3, 15, 8, 1, 13, 6, 18, 11, 4, 16, 9, 2, 14, 
8, 1, 13, 6, 18, 11, 4, 16, 9, 2, 14, 7, 0, 12, 5, 17, 10, 3, 15, 
9, 2, 14, 7, 0, 12, 5, 17, 10, 3, 15, 8, 1, 13, 6, 18, 11, 4, 16, 
10, 3, 15, 8, 1, 13, 6, 18, 11, 4, 16, 9, 2, 14, 7, 0, 12, 5, 17, 
11, 4, 16, 9, 2, 14, 7, 0, 12, 5, 17, 10, 3, 15, 8, 1, 13, 6, 18, 
12, 5, 17, 10, 3, 15, 8, 1, 13, 6, 18, 11, 4, 16, 9, 2, 14, 7, 0, 
13, 6, 18, 11, 4, 16, 9, 2, 14, 7, 0, 12, 5, 17, 10, 3, 15, 8, 1, 
14, 7, 0, 12, 5, 17, 10, 3, 15, 8, 1, 13, 6, 18, 11, 4, 16, 9, 2, 
15, 8, 1, 13, 6, 18, 11, 4, 16, 9, 2, 14, 7, 0, 12, 5, 17, 10, 3, 
16, 9, 2, 14, 7, 0, 12, 5, 17, 10, 3, 15, 8, 1, 13, 6, 18, 11, 4, 
17, 10, 3, 15, 8, 1, 13, 6, 18, 11, 4, 16, 9, 2, 14, 7, 0, 12, 5, 
18, 11, 4, 16, 9, 2, 14, 7, 0, 12, 5, 17, 10, 3, 15, 8, 1, 13, 6, 

Latin Square 12:
0, 13, 7, 1, 14, 8, 2, 15, 9, 3, 16, 10, 4, 17, 11, 5, 18, 12, 6, 
1, 14, 8, 2, 15, 9, 3, 16, 10, 4, 17, 11, 5, 18, 12, 6, 0, 13, 7, 
2, 15, 9, 3, 16, 10, 4, 17, 11, 5, 18, 12, 6, 0, 13, 7, 1, 14, 8, 
3, 16, 10, 4, 17, 11, 5, 18, 12, 6, 0, 13, 7, 1, 14, 8, 2, 15, 9, 
4, 17, 11, 5, 18, 12, 6, 0, 13, 7, 1, 14, 8, 2, 15, 9, 3, 16, 10, 
5, 18, 12, 6, 0, 13, 7, 1, 14, 8, 2, 15, 9, 3, 16, 10, 4, 17, 11, 
6, 0, 13, 7, 1, 14, 8, 2, 15, 9, 3, 16, 10, 4, 17, 11, 5, 18, 12, 
7, 1, 14, 8, 2, 15, 9, 3, 16, 10, 4, 17, 11, 5, 18, 12, 6, 0, 13, 
8, 2, 15, 9, 3, 16, 10, 4, 17, 11, 5, 18, 12, 6, 0, 13, 7, 1, 14, 
9, 3, 16, 10, 4, 17, 11, 5, 18, 12, 6, 0, 13, 7, 1, 14, 8, 2, 15, 
10, 4, 17, 11, 5, 18, 12, 6, 0, 13, 7, 1, 14, 8, 2, 15, 9, 3, 16, 
11, 5, 18, 12, 6, 0, 13, 7, 1, 14, 8, 2, 15, 9, 3, 16, 10, 4, 17, 
12, 6, 0, 13, 7, 1, 14, 8, 2, 15, 9, 3, 16, 10, 4, 17, 11, 5, 18, 
13, 7, 1, 14, 8, 2, 15, 9, 3, 16, 10, 4, 17, 11, 5, 18, 12, 6, 0, 
14, 8, 2, 15, 9, 3, 16, 10, 4, 17, 11, 5, 18, 12, 6, 0, 13, 7, 1, 
15, 9, 3, 16, 10, 4, 17, 11, 5, 18, 12, 6, 0, 13, 7, 1, 14, 8, 2, 
16, 10, 4, 17, 11, 5, 18, 12, 6, 0, 13, 7, 1, 14, 8, 2, 15, 9, 3, 
17, 11, 5, 18, 12, 6, 0, 13, 7, 1, 14, 8, 2, 15, 9, 3, 16, 10, 4, 
18, 12, 6, 0, 13, 7, 1, 14, 8, 2, 15, 9, 3, 16, 10, 4, 17, 11, 5, 

Latin Square 13:
0, 14, 9, 4, 18, 13, 8, 3, 17, 12, 7, 2, 16, 11, 6, 1, 15, 10, 5, 
1, 15, 10, 5, 0, 14, 9, 4, 18, 13, 8, 3, 17, 12, 7, 2, 16, 11, 6, 
2, 16, 11, 6, 1, 15, 10, 5, 0, 14, 9, 4, 18, 13, 8, 3, 17, 12, 7, 
3, 17, 12, 7, 2, 16, 11, 6, 1, 15, 10, 5, 0, 14, 9, 4, 18, 13, 8, 
4, 18, 13, 8, 3, 17, 12, 7, 2, 16, 11, 6, 1, 15, 10, 5, 0, 14, 9, 
5, 0, 14, 9, 4, 18, 13, 8, 3, 17, 12, 7, 2, 16, 11, 6, 1, 15, 10, 
6, 1, 15, 10, 5, 0, 14, 9, 4, 18, 13, 8, 3, 17, 12, 7, 2, 16, 11, 
7, 2, 16, 11, 6, 1, 15, 10, 5, 0, 14, 9, 4, 18, 13, 8, 3, 17, 12, 
8, 3, 17, 12, 7, 2, 16, 11, 6, 1, 15, 10, 5, 0, 14, 9, 4, 18, 13, 
9, 4, 18, 13, 8, 3, 17, 12, 7, 2, 16, 11, 6, 1, 15, 10, 5, 0, 14, 
10, 5, 0, 14, 9, 4, 18, 13, 8, 3, 17, 12, 7, 2, 16, 11, 6, 1, 15, 
11, 6, 1, 15, 10, 5, 0, 14, 9, 4, 18, 13, 8, 3, 17, 12, 7, 2, 16, 
12, 7, 2, 16, 11, 6, 1, 15, 10, 5, 0, 14, 9, 4, 18, 13, 8, 3, 17, 
13, 8, 3, 17, 12, 7, 2, 16, 11, 6, 1, 15, 10, 5, 0, 14, 9, 4, 18, 
14, 9, 4, 18, 13, 8, 3, 17, 12, 7, 2, 16, 11, 6, 1, 15, 10, 5, 0, 
15, 10, 5, 0, 14, 9, 4, 18, 13, 8, 3, 17, 12, 7, 2, 16, 11, 6, 1, 
16, 11, 6, 1, 15, 10, 5, 0, 14, 9, 4, 18, 13, 8, 3, 17, 12, 7, 2, 
17, 12, 7, 2, 16, 11, 6, 1, 15, 10, 5, 0, 14, 9, 4, 18, 13, 8, 3, 
18, 13, 8, 3, 17, 12, 7, 2, 16, 11, 6, 1, 15, 10, 5, 0, 14, 9, 4, 

Latin Square 14:
0, 15, 11, 7, 3, 18, 14, 10, 6, 2, 17, 13, 9, 5, 1, 16, 12, 8, 4, 
1, 16, 12, 8, 4, 0, 15, 11, 7, 3, 18, 14, 10, 6, 2, 17, 13, 9, 5, 
2, 17, 13, 9, 5, 1, 16, 12, 8, 4, 0, 15, 11, 7, 3, 18, 14, 10, 6, 
3, 18, 14, 10, 6, 2, 17, 13, 9, 5, 1, 16, 12, 8, 4, 0, 15, 11, 7, 
4, 0, 15, 11, 7, 3, 18, 14, 10, 6, 2, 17, 13, 9, 5, 1, 16, 12, 8, 
5, 1, 16, 12, 8, 4, 0, 15, 11, 7, 3, 18, 14, 10, 6, 2, 17, 13, 9, 
6, 2, 17, 13, 9, 5, 1, 16, 12, 8, 4, 0, 15, 11, 7, 3, 18, 14, 10, 
7, 3, 18, 14, 10, 6, 2, 17, 13, 9, 5, 1, 16, 12, 8, 4, 0, 15, 11, 
8, 4, 0, 15, 11, 7, 3, 18, 14, 10, 6, 2, 17, 13, 9, 5, 1, 16, 12, 
9, 5, 1, 16, 12, 8, 4, 0, 15, 11, 7, 3, 18, 14, 10, 6, 2, 17, 13, 
10, 6, 2, 17, 13, 9, 5, 1, 16, 12, 8, 4, 0, 15, 11, 7, 3, 18, 14, 
11, 7, 3, 18, 14, 10, 6, 2, 17, 13, 9, 5, 1, 16, 12, 8, 4, 0, 15, 
12, 8, 4, 0, 15, 11, 7, 3, 18, 14, 10, 6, 2, 17, 13, 9, 5, 1, 16, 
13, 9, 5, 1, 16, 12, 8, 4, 0, 15, 11, 7, 3, 18, 14, 10, 6, 2, 17, 
14, 10, 6, 2, 17, 13, 9, 5, 1, 16, 12, 8, 4, 0, 15, 11, 7, 3, 18, 
15, 11, 7, 3, 18, 14, 10, 6, 2, 17, 13, 9, 5, 1, 16, 12, 8, 4, 0, 
16, 12, 8, 4, 0, 15, 11, 7, 3, 18, 14, 10, 6, 2, 17, 13, 9, 5, 1, 
17, 13, 9, 5, 1, 16, 12, 8, 4, 0, 15, 11, 7, 3, 18, 14, 10, 6, 2, 
18, 14, 10, 6, 2, 17, 13, 9, 5, 1, 16, 12, 8, 4, 0, 15, 11, 7, 3, 

Latin Square 15:
0, 16, 13, 10, 7, 4, 1, 17, 14, 11, 8, 5, 2, 18, 15, 12, 9, 6, 3, 
1, 17, 14, 11, 8, 5, 2, 18, 15, 12, 9, 6, 3, 0, 16, 13, 10, 7, 4, 
2, 18, 15, 12, 9, 6, 3, 0, 16, 13, 10, 7, 4, 1, 17, 14, 11, 8, 5, 
3, 0, 16, 13, 10, 7, 4, 1, 17, 14, 11, 8, 5, 2, 18, 15, 12, 9, 6, 
4, 1, 17, 14, 11, 8, 5, 2, 18, 15, 12, 9, 6, 3, 0, 16, 13, 10, 7, 
5, 2, 18, 15, 12, 9, 6, 3, 0, 16, 13, 10, 7, 4, 1, 17, 14, 11, 8, 
6, 3, 0, 16, 13, 10, 7, 4, 1, 17, 14, 11, 8, 5, 2, 18, 15, 12, 9, 
7, 4, 1, 17, 14, 11, 8, 5, 2, 18, 15, 12, 9, 6, 3, 0, 16, 13, 10, 
8, 5, 2, 18, 15, 12, 9, 6, 3, 0, 16, 13, 10, 7, 4, 1, 17, 14, 11, 
9, 6, 3, 0, 16, 13, 10, 7, 4, 1, 17, 14, 11, 8, 5, 2, 18, 15, 12, 
10, 7, 4, 1, 17, 14, 11, 8, 5, 2, 18, 15, 12, 9, 6, 3, 0, 16, 13, 
11, 8, 5, 2, 18, 15, 12, 9, 6, 3, 0, 16, 13, 10, 7, 4, 1, 17, 14, 
12, 9, 6, 3, 0, 16, 13, 10, 7, 4, 1, 17, 14, 11, 8, 5, 2, 18, 15, 
13, 10, 7, 4, 1, 17, 14, 11, 8, 5, 2, 18, 15, 12, 9, 6, 3, 0, 16, 
14, 11, 8, 5, 2, 18, 15, 12, 9, 6, 3, 0, 16, 13, 10, 7, 4, 1, 17, 
15, 12, 9, 6, 3, 0, 16, 13, 10, 7, 4, 1, 17, 14, 11, 8, 5, 2, 18, 
16, 13, 10, 7, 4, 1, 17, 14, 11, 8, 5, 2, 18, 15, 12, 9, 6, 3, 0, 
17, 14, 11, 8, 5, 2, 18, 15, 12, 9, 6, 3, 0, 16, 13, 10, 7, 4, 1, 
18, 15, 12, 9, 6, 3, 0, 16, 13, 10, 7, 4, 1, 17, 14, 11, 8, 5, 2, 

Latin Square 16:
0, 17, 15, 13, 11, 9, 7, 5, 3, 1, 18, 16, 14, 12, 10, 8, 6, 4, 2, 
1, 18, 16, 14, 12, 10, 8, 6, 4, 2, 0, 17, 15, 13, 11, 9, 7, 5, 3, 
2, 0, 17, 15, 13, 11, 9, 7, 5, 3, 1, 18, 16, 14, 12, 10, 8, 6, 4, 
3, 1, 18, 16, 14, 12, 10, 8, 6, 4, 2, 0, 17, 15, 13, 11, 9, 7, 5, 
4, 2, 0, 17, 15, 13, 11, 9, 7, 5, 3, 1, 18, 16, 14, 12, 10, 8, 6, 
5, 3, 1, 18, 16, 14, 12, 10, 8, 6, 4, 2, 0, 17, 15, 13, 11, 9, 7, 
6, 4, 2, 0, 17, 15, 13, 11, 9, 7, 5, 3, 1, 18, 16, 14, 12, 10, 8, 
7, 5, 3, 1, 18, 16, 14, 12, 10, 8, 6, 4, 2, 0, 17, 15, 13, 11, 9, 
8, 6, 4, 2, 0, 17, 15, 13, 11, 9, 7, 5, 3, 1, 18, 16, 14, 12, 10, 
9, 7, 5, 3, 1, 18, 16, 14, 12, 10, 8, 6, 4, 2, 0, 17, 15, 13, 11, 
10, 8, 6, 4, 2, 0, 17, 15, 13, 11, 9, 7, 5, 3, 1, 18, 16, 14, 12, 
11, 9, 7, 5, 3, 1, 18, 16, 14, 12, 10, 8, 6, 4, 2, 0, 17, 15, 13, 
12, 10, 8, 6, 4, 2, 0, 17, 15, 13, 11, 9, 7, 5, 3, 1, 18, 16, 14, 
13, 11, 9, 7, 5, 3, 1, 18, 16, 14, 12, 10, 8, 6, 4, 2, 0, 17, 15, 
14, 12, 10, 8, 6, 4, 2, 0, 17, 15, 13, 11, 9, 7, 5, 3, 1, 18, 16, 
15, 13, 11, 9, 7, 5, 3, 1, 18, 16, 14, 12, 10, 8, 6, 4, 2, 0, 17, 
16, 14, 12, 10, 8, 6, 4, 2, 0, 17, 15, 13, 11, 9, 7, 5, 3, 1, 18, 
17, 15, 13, 11, 9, 7, 5, 3, 1, 18, 16, 14, 12, 10, 8, 6, 4, 2, 0, 
18, 16, 14, 12, 10, 8, 6, 4, 2, 0, 17, 15, 13, 11, 9, 7, 5, 3, 1, 

Latin Square 17:
0, 18, 17, 16, 15, 14, 13, 12, 11, 10, 9, 8, 7, 6, 5, 4, 3, 2, 1, 
1, 0, 18, 17, 16, 15, 14, 13, 12, 11, 10, 9, 8, 7, 6, 5, 4, 3, 2, 
2, 1, 0, 18, 17, 16, 15, 14, 13, 12, 11, 10, 9, 8, 7, 6, 5, 4, 3, 
3, 2, 1, 0, 18, 17, 16, 15, 14, 13, 12, 11, 10, 9, 8, 7, 6, 5, 4, 
4, 3, 2, 1, 0, 18, 17, 16, 15, 14, 13, 12, 11, 10, 9, 8, 7, 6, 5, 
5, 4, 3, 2, 1, 0, 18, 17, 16, 15, 14, 13, 12, 11, 10, 9, 8, 7, 6, 
6, 5, 4, 3, 2, 1, 0, 18, 17, 16, 15, 14, 13, 12, 11, 10, 9, 8, 7, 
7, 6, 5, 4, 3, 2, 1, 0, 18, 17, 16, 15, 14, 13, 12, 11, 10, 9, 8, 
8, 7, 6, 5, 4, 3, 2, 1, 0, 18, 17, 16, 15, 14, 13, 12, 11, 10, 9, 
9, 8, 7, 6, 5, 4, 3, 2, 1, 0, 18, 17, 16, 15, 14, 13, 12, 11, 10, 
10, 9, 8, 7, 6, 5, 4, 3, 2, 1, 0, 18, 17, 16, 15, 14, 13, 12, 11, 
11, 10, 9, 8, 7, 6, 5, 4, 3, 2, 1, 0, 18, 17, 16, 15, 14, 13, 12, 
12, 11, 10, 9, 8, 7, 6, 5, 4, 3, 2, 1, 0, 18, 17, 16, 15, 14, 13, 
13, 12, 11, 10, 9, 8, 7, 6, 5, 4, 3, 2, 1, 0, 18, 17, 16, 15, 14, 
14, 13, 12, 11, 10, 9, 8, 7, 6, 5, 4, 3, 2, 1, 0, 18, 17, 16, 15, 
15, 14, 13, 12, 11, 10, 9, 8, 7, 6, 5, 4, 3, 2, 1, 0, 18, 17, 16, 
16, 15, 14, 13, 12, 11, 10, 9, 8, 7, 6, 5, 4, 3, 2, 1, 0, 18, 17, 
17, 16, 15, 14, 13, 12, 11, 10, 9, 8, 7, 6, 5, 4, 3, 2, 1, 0, 18, 
18, 17, 16, 15, 14, 13, 12, 11, 10, 9, 8, 7, 6, 5, 4, 3, 2, 1, 0, 

