Latin Square 0:
0, 1, 2, 3, 4, 5, 6, 7, 8, 9, 10, 11, 12, 13, 14, 15, 16, 17, 18, 19, 20, 21, 22, 23, 24, 25, 26, 27, 28, 
1, 2, 3, 4, 5, 6, 7, 8, 9, 10, 11, 12, 13, 14, 15, 16, 17, 18, 19, 20, 21, 22, 23, 24, 25, 26, 27, 28, 0, 
2, 3, 4, 5, 6, 7, 8, 9, 10, 11, 12, 13, 14, 15, 16, 17, 18, 19, 20, 21, 22, 23, 24, 25, 26, 27, 28, 0, 1, 
3, 4, 5, 6, 7, 8, 9, 10, 11, 12, 13, 14, 15, 16, 17, 18, 19, 20, 21, 22, 23, 24, 25, 26, 27, 28, 0, 1, 2, 
4, 5, 6, 7, 8, 9, 10, 11, 12, 13, 14, 15, 16, 17, 18, 19, 20, 21, 22, 23, 24, 25, 26, 27, 28, 0, 1, 2, 3, 
5, 6, 7, 8, 9, 10, 11, 12, 13, 14, 15, 16, 17, 18, 19, 20, 21, 22, 23, 24, 25, 26, 27, 28, 0, 1, 2, 3, 4, 
6, 7, 8, 9, 10, 11, 12, 13, 14, 15, 16, 17, 18, 19, 20, 21, 22, 23, 24, 25, 26, 27, 28, 0, 1, 2, 3, 4, 5, 
7, 8, 9, 10, 11, 12, 13, 14, 15, 16, 17, 18, 19, 20, 21, 22, 23, 24, 25, 26, 27, 28, 0, 1, 2, 3, 4, 5, 6, 
8, 9, 10, 11, 12, 13, 14, 15, 16, 17, 18, 19, 20, 21, 22, 23, 24, 25, 26, 27, 28, 0, 1, 2, 3, 4, 5, 6, 7, 
9, 10, 11, 12, 13, 14, 15, 16, 17, 18, 19, 20, 21, 22, 23, 24, 25, 26, 27, 28, 0, 1, 2, 3, 4, 5, 6, 7, 8, 
10, 11, 12, 13, 14, 15, 16, 17, 18, 19, 20, 21, 22, 23, 24, 25, 26, 27, 28, 0, 1, 2, 3, 4, 5, 6, 7, 8, 9, 
11, 12, 13, 14, 15, 16, 17, 18, 19, 20, 21, 22, 23, 24, 25, 26, 27, 28, 0, 1, 2, 3, 4, 5, 6, 7, 8, 9, 10, 
12, 13, 14, 15, 16, 17, 18, 19, 20, 21, 22, 23, 24, 25, 26, 27, 28, 0, 1, 2, 3, 4, 5, 6, 7, 8, 9, 10, 11, 
13, 14, 15, 16, 17, 18, 19, 20, 21, 22, 23, 24, 25, 26, 27, 28, 0, 1, 2, 3, 4, 5, 6, 7, 8, 9, 10, 11, 12, 
14, 15, 16, 17, 18, 19, 20, 21, 22, 23, 24, 25, 26, 27, 28, 0, 1, 2, 3, 4, 5, 6, 7, 8, 9, 10, 11, 12, 13, 
15, 16, 17, 18, 19, 20, 21, 22, 23, 24, 25, 26, 27, 28, 0, 1, 2, 3, 4, 5, 6, 7, 8, 9, 10, 11, 12, 13, 14, 
16, 17, 18, 19, 20, 21, 22, 23, 24, 25, 26, 27, 28, 0, 1, 2, 3, 4, 5, 6, 7, 8, 9, 10, 11, 12, 13, 14, 15, 
17, 18, 19, 20, 21, 22, 23, 24, 25, 26, 27, 28, 0, 1, 2, 3, 4, 5, 6, 7, 8, 9, 10, 11, 12, 13, 14, 15, 16, 
18, 19, 20, 21, 22, 23, 24, 25, 26, 27, 28, 0, 1, 2, 3, 4, 5, 6, 7, 8, 9, 10, 11, 12, 13, 14, 15, 16, 17, 
19, 20, 21, 22, 23, 24, 25, 26, 27, 28, 0, 1, 2, 3, 4, 5, 6, 7, 8, 9, 10, 11, 12, 13, 14, 15, 16, 17, 18, 
20, 21, 22, 23, 24, 25, 26, 27, 28, 0, 1, 2, 3, 4, 5, 6, 7, 8, 9, 10, 11, 12, 13, 14, 15, 16, 17, 18, 19, 
21, 22, 23, 24, 25, 26, 27, 28, 0, 1, 2, 3, 4, 5, 6, 7, 8, 9, 10, 11, 12, 13, 14, 15, 16, 17, 18, 19, 20, 
22, 23, 24, 25, 26, 27, 28, 0, 1, 2, 3, 4, 5, 6, 7, 8, 9, 10, 11, 12, 13, 14, 15, 16, 17, 18, 19, 20, 21, 
23, 24, 25, 26, 27, 28, 0, 1, 2, 3, 4, 5, 6, 7, 8, 9, 10, 11, 12, 13, 14, 15, 16, 17, 18, 19, 20, 21, 22, 
24, 25, 26, 27, 28, 0, 1, 2, 3, 4, 5, 6, 7, 8, 9, 10, 11, 12, 13, 14, 15, 16, 17, 18, 19, 20, 21, 22, 23, 
25, 26, 27, 28, 0, 1, 2, 3, 4, 5, 6, 7, 8, 9, 10, 11, 12, 13, 14, 15, 16, 17, 18, 19, 20, 21, 22, 23, 24, 
26, 27, 28, 0, 1, 2, 3, 4, 5, 6, 7, 8, 9, 10, 11, 12, 13, 14, 15, 16, 17, 18, 19, 20, 21, 22, 23, 24, 25, 
27, 28, 0, 1, 2, 3, 4, 5, 6, 7, 8, 9, 10, 11, 12, 13, 14, 15, 16, 17, 18, 19, 20, 21, 22, 23, 24, 25, 26, 
28, 0, 1, 2, 3, 4, 5, 6, 7, 8, 9, 10, 11, 12, 13, 14, 15, 16, 17, 18, 19, 20, 21, 22, 23, 24, 25, 26, 27, 

Latin Square 1:
0, 2, 4, 6, 8, 10, 12, 14, 16, 18, 20, 22, 24, 26, 28, 1, 3, 5, 7, 9, 11, 13, 15, 17, 19, 21, 23, 25, 27, 
1, 3, 5, 7, 9, 11, 13, 15, 17, 19, 21, 23, 25, 27, 0, 2, 4, 6, 8, 10, 12, 14, 16, 18, 20, 22, 24, 26, 28, 
2, 4, 6, 8, 10, 12, 14, 16, 18, 20, 22, 24, 26, 28, 1, 3, 5, 7, 9, 11, 13, 15, 17, 19, 21, 23, 25, 27, 0, 
3, 5, 7, 9, 11, 13, 15, 17, 19, 21, 23, 25, 27, 0, 2, 4, 6, 8, 10, 12, 14, 16, 18, 20, 22, 24, 26, 28, 1, 
4, 6, 8, 10, 12, 14, 16, 18, 20, 22, 24, 26, 28, 1, 3, 5, 7, 9, 11, 13, 15, 17, 19, 21, 23, 25, 27, 0, 2, 
5, 7, 9, 11, 13, 15, 17, 19, 21, 23, 25, 27, 0, 2, 4, 6, 8, 10, 12, 14, 16, 18, 20, 22, 24, 26, 28, 1, 3, 
6, 8, 10, 12, 14, 16, 18, 20, 22, 24, 26, 28, 1, 3, 5, 7, 9, 11, 13, 15, 17, 19, 21, 23, 25, 27, 0, 2, 4, 
7, 9, 11, 13, 15, 17, 19, 21, 23, 25, 27, 0, 2, 4, 6, 8, 10, 12, 14, 16, 18, 20, 22, 24, 26, 28, 1, 3, 5, 
8, 10, 12, 14, 16, 18, 20, 22, 24, 26, 28, 1, 3, 5, 7, 9, 11, 13, 15, 17, 19, 21, 23, 25, 27, 0, 2, 4, 6, 
9, 11, 13, 15, 17, 19, 21, 23, 25, 27, 0, 2, 4, 6, 8, 10, 12, 14, 16, 18, 20, 22, 24, 26, 28, 1, 3, 5, 7, 
10, 12, 14, 16, 18, 20, 22, 24, 26, 28, 1, 3, 5, 7, 9, 11, 13, 15, 17, 19, 21, 23, 25, 27, 0, 2, 4, 6, 8, 
11, 13, 15, 17, 19, 21, 23, 25, 27, 0, 2, 4, 6, 8, 10, 12, 14, 16, 18, 20, 22, 24, 26, 28, 1, 3, 5, 7, 9, 
12, 14, 16, 18, 20, 22, 24, 26, 28, 1, 3, 5, 7, 9, 11, 13, 15, 17, 19, 21, 23, 25, 27, 0, 2, 4, 6, 8, 10, 
13, 15, 17, 19, 21, 23, 25, 27, 0, 2, 4, 6, 8, 10, 12, 14, 16, 18, 20, 22, 24, 26, 28, 1, 3, 5, 7, 9, 11, 
14, 16, 18, 20, 22, 24, 26, 28, 1, 3, 5, 7, 9, 11, 13, 15, 17, 19, 21, 23, 25, 27, 0, 2, 4, 6, 8, 10, 12, 
15, 17, 19, 21, 23, 25, 27, 0, 2, 4, 6, 8, 10, 12, 14, 16, 18, 20, 22, 24, 26, 28, 1, 3, 5, 7, 9, 11, 13, 
16, 18, 20, 22, 24, 26, 28, 1, 3, 5, 7, 9, 11, 13, 15, 17, 19, 21, 23, 25, 27, 0, 2, 4, 6, 8, 10, 12, 14, 
17, 19, 21, 23, 25, 27, 0, 2, 4, 6, 8, 10, 12, 14, 16, 18, 20, 22, 24, 26, 28, 1, 3, 5, 7, 9, 11, 13, 15, 
18, 20, 22, 24, 26, 28, 1, 3, 5, 7, 9, 11, 13, 15, 17, 19, 21, 23, 25, 27, 0, 2, 4, 6, 8, 10, 12, 14, 16, 
19, 21, 23, 25, 27, 0, 2, 4, 6, 8, 10, 12, 14, 16, 18, 20, 22, 24, 26, 28, 1, 3, 5, 7, 9, 11, 13, 15, 17, 
20, 22, 24, 26, 28, 1, 3, 5, 7, 9, 11, 13, 15, 17, 19, 21, 23, 25, 27, 0, 2, 4, 6, 8, 10, 12, 14, 16, 18, 
21, 23, 25, 27, 0, 2, 4, 6, 8, 10, 12, 14, 16, 18, 20, 22, 24, 26, 28, 1, 3, 5, 7, 9, 11, 13, 15, 17, 19, 
22, 24, 26, 28, 1, 3, 5, 7, 9, 11, 13, 15, 17, 19, 21, 23, 25, 27, 0, 2, 4, 6, 8, 10, 12, 14, 16, 18, 20, 
23, 25, 27, 0, 2, 4, 6, 8, 10, 12, 14, 16, 18, 20, 22, 24, 26, 28, 1, 3, 5, 7, 9, 11, 13, 15, 17, 19, 21, 
24, 26, 28, 1, 3, 5, 7, 9, 11, 13, 15, 17, 19, 21, 23, 25, 27, 0, 2, 4, 6, 8, 10, 12, 14, 16, 18, 20, 22, 
25, 27, 0, 2, 4, 6, 8, 10, 12, 14, 16, 18, 20, 22, 24, 26, 28, 1, 3, 5, 7, 9, 11, 13, 15, 17, 19, 21, 23, 
26, 28, 1, 3, 5, 7, 9, 11, 13, 15, 17, 19, 21, 23, 25, 27, 0, 2, 4, 6, 8, 10, 12, 14, 16, 18, 20, 22, 24, 
27, 0, 2, 4, 6, 8, 10, 12, 14, 16, 18, 20, 22, 24, 26, 28, 1, 3, 5, 7, 9, 11, 13, 15, 17, 19, 21, 23, 25, 
28, 1, 3, 5, 7, 9, 11, 13, 15, 17, 19, 21, 23, 25, 27, 0, 2, 4, 6, 8, 10, 12, 14, 16, 18, 20, 22, 24, 26, 

Latin Square 2:
0, 3, 6, 9, 12, 15, 18, 21, 24, 27, 1, 4, 7, 10, 13, 16, 19, 22, 25, 28, 2, 5, 8, 11, 14, 17, 20, 23, 26, 
1, 4, 7, 10, 13, 16, 19, 22, 25, 28, 2, 5, 8, 11, 14, 17, 20, 23, 26, 0, 3, 6, 9, 12, 15, 18, 21, 24, 27, 
2, 5, 8, 11, 14, 17, 20, 23, 26, 0, 3, 6, 9, 12, 15, 18, 21, 24, 27, 1, 4, 7, 10, 13, 16, 19, 22, 25, 28, 
3, 6, 9, 12, 15, 18, 21, 24, 27, 1, 4, 7, 10, 13, 16, 19, 22, 25, 28, 2, 5, 8, 11, 14, 17, 20, 23, 26, 0, 
4, 7, 10, 13, 16, 19, 22, 25, 28, 2, 5, 8, 11, 14, 17, 20, 23, 26, 0, 3, 6, 9, 12, 15, 18, 21, 24, 27, 1, 
5, 8, 11, 14, 17, 20, 23, 26, 0, 3, 6, 9, 12, 15, 18, 21, 24, 27, 1, 4, 7, 10, 13, 16, 19, 22, 25, 28, 2, 
6, 9, 12, 15, 18, 21, 24, 27, 1, 4, 7, 10, 13, 16, 19, 22, 25, 28, 2, 5, 8, 11, 14, 17, 20, 23, 26, 0, 3, 
7, 10, 13, 16, 19, 22, 25, 28, 2, 5, 8, 11, 14, 17, 20, 23, 26, 0, 3, 6, 9, 12, 15, 18, 21, 24, 27, 1, 4, 
8, 11, 14, 17, 20, 23, 26, 0, 3, 6, 9, 12, 15, 18, 21, 24, 27, 1, 4, 7, 10, 13, 16, 19, 22, 25, 28, 2, 5, 
9, 12, 15, 18, 21, 24, 27, 1, 4, 7, 10, 13, 16, 19, 22, 25, 28, 2, 5, 8, 11, 14, 17, 20, 23, 26, 0, 3, 6, 
10, 13, 16, 19, 22, 25, 28, 2, 5, 8, 11, 14, 17, 20, 23, 26, 0, 3, 6, 9, 12, 15, 18, 21, 24, 27, 1, 4, 7, 
11, 14, 17, 20, 23, 26, 0, 3, 6, 9, 12, 15, 18, 21, 24, 27, 1, 4, 7, 10, 13, 16, 19, 22, 25, 28, 2, 5, 8, 
12, 15, 18, 21, 24, 27, 1, 4, 7, 10, 13, 16, 19, 22, 25, 28, 2, 5, 8, 11, 14, 17, 20, 23, 26, 0, 3, 6, 9, 
13, 16, 19, 22, 25, 28, 2, 5, 8, 11, 14, 17, 20, 23, 26, 0, 3, 6, 9, 12, 15, 18, 21, 24, 27, 1, 4, 7, 10, 
14, 17, 20, 23, 26, 0, 3, 6, 9, 12, 15, 18, 21, 24, 27, 1, 4, 7, 10, 13, 16, 19, 22, 25, 28, 2, 5, 8, 11, 
15, 18, 21, 24, 27, 1, 4, 7, 10, 13, 16, 19, 22, 25, 28, 2, 5, 8, 11, 14, 17, 20, 23, 26, 0, 3, 6, 9, 12, 
16, 19, 22, 25, 28, 2, 5, 8, 11, 14, 17, 20, 23, 26, 0, 3, 6, 9, 12, 15, 18, 21, 24, 27, 1, 4, 7, 10, 13, 
17, 20, 23, 26, 0, 3, 6, 9, 12, 15, 18, 21, 24, 27, 1, 4, 7, 10, 13, 16, 19, 22, 25, 28, 2, 5, 8, 11, 14, 
18, 21, 24, 27, 1, 4, 7, 10, 13, 16, 19, 22, 25, 28, 2, 5, 8, 11, 14, 17, 20, 23, 26, 0, 3, 6, 9, 12, 15, 
19, 22, 25, 28, 2, 5, 8, 11, 14, 17, 20, 23, 26, 0, 3, 6, 9, 12, 15, 18, 21, 24, 27, 1, 4, 7, 10, 13, 16, 
20, 23, 26, 0, 3, 6, 9, 12, 15, 18, 21, 24, 27, 1, 4, 7, 10, 13, 16, 19, 22, 25, 28, 2, 5, 8, 11, 14, 17, 
21, 24, 27, 1, 4, 7, 10, 13, 16, 19, 22, 25, 28, 2, 5, 8, 11, 14, 17, 20, 23, 26, 0, 3, 6, 9, 12, 15, 18, 
22, 25, 28, 2, 5, 8, 11, 14, 17, 20, 23, 26, 0, 3, 6, 9, 12, 15, 18, 21, 24, 27, 1, 4, 7, 10, 13, 16, 19, 
23, 26, 0, 3, 6, 9, 12, 15, 18, 21, 24, 27, 1, 4, 7, 10, 13, 16, 19, 22, 25, 28, 2, 5, 8, 11, 14, 17, 20, 
24, 27, 1, 4, 7, 10, 13, 16, 19, 22, 25, 28, 2, 5, 8, 11, 14, 17, 20, 23, 26, 0, 3, 6, 9, 12, 15, 18, 21, 
25, 28, 2, 5, 8, 11, 14, 17, 20, 23, 26, 0, 3, 6, 9, 12, 15, 18, 21, 24, 27, 1, 4, 7, 10, 13, 16, 19, 22, 
26, 0, 3, 6, 9, 12, 15, 18, 21, 24, 27, 1, 4, 7, 10, 13, 16, 19, 22, 25, 28, 2, 5, 8, 11, 14, 17, 20, 23, 
27, 1, 4, 7, 10, 13, 16, 19, 22, 25, 28, 2, 5, 8, 11, 14, 17, 20, 23, 26, 0, 3, 6, 9, 12, 15, 18, 21, 24, 
28, 2, 5, 8, 11, 14, 17, 20, 23, 26, 0, 3, 6, 9, 12, 15, 18, 21, 24, 27, 1, 4, 7, 10, 13, 16, 19, 22, 25, 

Latin Square 3:
0, 4, 8, 12, 16, 20, 24, 28, 3, 7, 11, 15, 19, 23, 27, 2, 6, 10, 14, 18, 22, 26, 1, 5, 9, 13, 17, 21, 25, 
1, 5, 9, 13, 17, 21, 25, 0, 4, 8, 12, 16, 20, 24, 28, 3, 7, 11, 15, 19, 23, 27, 2, 6, 10, 14, 18, 22, 26, 
2, 6, 10, 14, 18, 22, 26, 1, 5, 9, 13, 17, 21, 25, 0, 4, 8, 12, 16, 20, 24, 28, 3, 7, 11, 15, 19, 23, 27, 
3, 7, 11, 15, 19, 23, 27, 2, 6, 10, 14, 18, 22, 26, 1, 5, 9, 13, 17, 21, 25, 0, 4, 8, 12, 16, 20, 24, 28, 
4, 8, 12, 16, 20, 24, 28, 3, 7, 11, 15, 19, 23, 27, 2, 6, 10, 14, 18, 22, 26, 1, 5, 9, 13, 17, 21, 25, 0, 
5, 9, 13, 17, 21, 25, 0, 4, 8, 12, 16, 20, 24, 28, 3, 7, 11, 15, 19, 23, 27, 2, 6, 10, 14, 18, 22, 26, 1, 
6, 10, 14, 18, 22, 26, 1, 5, 9, 13, 17, 21, 25, 0, 4, 8, 12, 16, 20, 24, 28, 3, 7, 11, 15, 19, 23, 27, 2, 
7, 11, 15, 19, 23, 27, 2, 6, 10, 14, 18, 22, 26, 1, 5, 9, 13, 17, 21, 25, 0, 4, 8, 12, 16, 20, 24, 28, 3, 
8, 12, 16, 20, 24, 28, 3, 7, 11, 15, 19, 23, 27, 2, 6, 10, 14, 18, 22, 26, 1, 5, 9, 13, 17, 21, 25, 0, 4, 
9, 13, 17, 21, 25, 0, 4, 8, 12, 16, 20, 24, 28, 3, 7, 11, 15, 19, 23, 27, 2, 6, 10, 14, 18, 22, 26, 1, 5, 
10, 14, 18, 22, 26, 1, 5, 9, 13, 17, 21, 25, 0, 4, 8, 12, 16, 20, 24, 28, 3, 7, 11, 15, 19, 23, 27, 2, 6, 
11, 15, 19, 23, 27, 2, 6, 10, 14, 18, 22, 26, 1, 5, 9, 13, 17, 21, 25, 0, 4, 8, 12, 16, 20, 24, 28, 3, 7, 
12, 16, 20, 24, 28, 3, 7, 11, 15, 19, 23, 27, 2, 6, 10, 14, 18, 22, 26, 1, 5, 9, 13, 17, 21, 25, 0, 4, 8, 
13, 17, 21, 25, 0, 4, 8, 12, 16, 20, 24, 28, 3, 7, 11, 15, 19, 23, 27, 2, 6, 10, 14, 18, 22, 26, 1, 5, 9, 
14, 18, 22, 26, 1, 5, 9, 13, 17, 21, 25, 0, 4, 8, 12, 16, 20, 24, 28, 3, 7, 11, 15, 19, 23, 27, 2, 6, 10, 
15, 19, 23, 27, 2, 6, 10, 14, 18, 22, 26, 1, 5, 9, 13, 17, 21, 25, 0, 4, 8, 12, 16, 20, 24, 28, 3, 7, 11, 
16, 20, 24, 28, 3, 7, 11, 15, 19, 23, 27, 2, 6, 10, 14, 18, 22, 26, 1, 5, 9, 13, 17, 21, 25, 0, 4, 8, 12, 
17, 21, 25, 0, 4, 8, 12, 16, 20, 24, 28, 3, 7, 11, 15, 19, 23, 27, 2, 6, 10, 14, 18, 22, 26, 1, 5, 9, 13, 
18, 22, 26, 1, 5, 9, 13, 17, 21, 25, 0, 4, 8, 12, 16, 20, 24, 28, 3, 7, 11, 15, 19, 23, 27, 2, 6, 10, 14, 
19, 23, 27, 2, 6, 10, 14, 18, 22, 26, 1, 5, 9, 13, 17, 21, 25, 0, 4, 8, 12, 16, 20, 24, 28, 3, 7, 11, 15, 
20, 24, 28, 3, 7, 11, 15, 19, 23, 27, 2, 6, 10, 14, 18, 22, 26, 1, 5, 9, 13, 17, 21, 25, 0, 4, 8, 12, 16, 
21, 25, 0, 4, 8, 12, 16, 20, 24, 28, 3, 7, 11, 15, 19, 23, 27, 2, 6, 10, 14, 18, 22, 26, 1, 5, 9, 13, 17, 
22, 26, 1, 5, 9, 13, 17, 21, 25, 0, 4, 8, 12, 16, 20, 24, 28, 3, 7, 11, 15, 19, 23, 27, 2, 6, 10, 14, 18, 
23, 27, 2, 6, 10, 14, 18, 22, 26, 1, 5, 9, 13, 17, 21, 25, 0, 4, 8, 12, 16, 20, 24, 28, 3, 7, 11, 15, 19, 
24, 28, 3, 7, 11, 15, 19, 23, 27, 2, 6, 10, 14, 18, 22, 26, 1, 5, 9, 13, 17, 21, 25, 0, 4, 8, 12, 16, 20, 
25, 0, 4, 8, 12, 16, 20, 24, 28, 3, 7, 11, 15, 19, 23, 27, 2, 6, 10, 14, 18, 22, 26, 1, 5, 9, 13, 17, 21, 
26, 1, 5, 9, 13, 17, 21, 25, 0, 4, 8, 12, 16, 20, 24, 28, 3, 7, 11, 15, 19, 23, 27, 2, 6, 10, 14, 18, 22, 
27, 2, 6, 10, 14, 18, 22, 26, 1, 5, 9, 13, 17, 21, 25, 0, 4, 8, 12, 16, 20, 24, 28, 3, 7, 11, 15, 19, 23, 
28, 3, 7, 11, 15, 19, 23, 27, 2, 6, 10, 14, 18, 22, 26, 1, 5, 9, 13, 17, 21, 25, 0, 4, 8, 12, 16, 20, 24, 

Latin Square 4:
0, 5, 10, 15, 20, 25, 1, 6, 11, 16, 21, 26, 2, 7, 12, 17, 22, 27, 3, 8, 13, 18, 23, 28, 4, 9, 14, 19, 24, 
1, 6, 11, 16, 21, 26, 2, 7, 12, 17, 22, 27, 3, 8, 13, 18, 23, 28, 4, 9, 14, 19, 24, 0, 5, 10, 15, 20, 25, 
2, 7, 12, 17, 22, 27, 3, 8, 13, 18, 23, 28, 4, 9, 14, 19, 24, 0, 5, 10, 15, 20, 25, 1, 6, 11, 16, 21, 26, 
3, 8, 13, 18, 23, 28, 4, 9, 14, 19, 24, 0, 5, 10, 15, 20, 25, 1, 6, 11, 16, 21, 26, 2, 7, 12, 17, 22, 27, 
4, 9, 14, 19, 24, 0, 5, 10, 15, 20, 25, 1, 6, 11, 16, 21, 26, 2, 7, 12, 17, 22, 27, 3, 8, 13, 18, 23, 28, 
5, 10, 15, 20, 25, 1, 6, 11, 16, 21, 26, 2, 7, 12, 17, 22, 27, 3, 8, 13, 18, 23, 28, 4, 9, 14, 19, 24, 0, 
6, 11, 16, 21, 26, 2, 7, 12, 17, 22, 27, 3, 8, 13, 18, 23, 28, 4, 9, 14, 19, 24, 0, 5, 10, 15, 20, 25, 1, 
7, 12, 17, 22, 27, 3, 8, 13, 18, 23, 28, 4, 9, 14, 19, 24, 0, 5, 10, 15, 20, 25, 1, 6, 11, 16, 21, 26, 2, 
8, 13, 18, 23, 28, 4, 9, 14, 19, 24, 0, 5, 10, 15, 20, 25, 1, 6, 11, 16, 21, 26, 2, 7, 12, 17, 22, 27, 3, 
9, 14, 19, 24, 0, 5, 10, 15, 20, 25, 1, 6, 11, 16, 21, 26, 2, 7, 12, 17, 22, 27, 3, 8, 13, 18, 23, 28, 4, 
10, 15, 20, 25, 1, 6, 11, 16, 21, 26, 2, 7, 12, 17, 22, 27, 3, 8, 13, 18, 23, 28, 4, 9, 14, 19, 24, 0, 5, 
11, 16, 21, 26, 2, 7, 12, 17, 22, 27, 3, 8, 13, 18, 23, 28, 4, 9, 14, 19, 24, 0, 5, 10, 15, 20, 25, 1, 6, 
12, 17, 22, 27, 3, 8, 13, 18, 23, 28, 4, 9, 14, 19, 24, 0, 5, 10, 15, 20, 25, 1, 6, 11, 16, 21, 26, 2, 7, 
13, 18, 23, 28, 4, 9, 14, 19, 24, 0, 5, 10, 15, 20, 25, 1, 6, 11, 16, 21, 26, 2, 7, 12, 17, 22, 27, 3, 8, 
14, 19, 24, 0, 5, 10, 15, 20, 25, 1, 6, 11, 16, 21, 26, 2, 7, 12, 17, 22, 27, 3, 8, 13, 18, 23, 28, 4, 9, 
15, 20, 25, 1, 6, 11, 16, 21, 26, 2, 7, 12, 17, 22, 27, 3, 8, 13, 18, 23, 28, 4, 9, 14, 19, 24, 0, 5, 10, 
16, 21, 26, 2, 7, 12, 17, 22, 27, 3, 8, 13, 18, 23, 28, 4, 9, 14, 19, 24, 0, 5, 10, 15, 20, 25, 1, 6, 11, 
17, 22, 27, 3, 8, 13, 18, 23, 28, 4, 9, 14, 19, 24, 0, 5, 10, 15, 20, 25, 1, 6, 11, 16, 21, 26, 2, 7, 12, 
18, 23, 28, 4, 9, 14, 19, 24, 0, 5, 10, 15, 20, 25, 1, 6, 11, 16, 21, 26, 2, 7, 12, 17, 22, 27, 3, 8, 13, 
19, 24, 0, 5, 10, 15, 20, 25, 1, 6, 11, 16, 21, 26, 2, 7, 12, 17, 22, 27, 3, 8, 13, 18, 23, 28, 4, 9, 14, 
20, 25, 1, 6, 11, 16, 21, 26, 2, 7, 12, 17, 22, 27, 3, 8, 13, 18, 23, 28, 4, 9, 14, 19, 24, 0, 5, 10, 15, 
21, 26, 2, 7, 12, 17, 22, 27, 3, 8, 13, 18, 23, 28, 4, 9, 14, 19, 24, 0, 5, 10, 15, 20, 25, 1, 6, 11, 16, 
22, 27, 3, 8, 13, 18, 23, 28, 4, 9, 14, 19, 24, 0, 5, 10, 15, 20, 25, 1, 6, 11, 16, 21, 26, 2, 7, 12, 17, 
23, 28, 4, 9, 14, 19, 24, 0, 5, 10, 15, 20, 25, 1, 6, 11, 16, 21, 26, 2, 7, 12, 17, 22, 27, 3, 8, 13, 18, 
24, 0, 5, 10, 15, 20, 25, 1, 6, 11, 16, 21, 26, 2, 7, 12, 17, 22, 27, 3, 8, 13, 18, 23, 28, 4, 9, 14, 19, 
25, 1, 6, 11, 16, 21, 26, 2, 7, 12, 17, 22, 27, 3, 8, 13, 18, 23, 28, 4, 9, 14, 19, 24, 0, 5, 10, 15, 20, 
26, 2, 7, 12, 17, 22, 27, 3, 8, 13, 18, 23, 28, 4, 9, 14, 19, 24, 0, 5, 10, 15, 20, 25, 1, 6, 11, 16, 21, 
27, 3, 8, 13, 18, 23, 28, 4, 9, 14, 19, 24, 0, 5, 10, 15, 20, 25, 1, 6, 11, 16, 21, 26, 2, 7, 12, 17, 22, 
28, 4, 9, 14, 19, 24, 0, 5, 10, 15, 20, 25, 1, 6, 11, 16, 21, 26, 2, 7, 12, 17, 22, 27, 3, 8, 13, 18, 23, 

Latin Square 5:
0, 6, 12, 18, 24, 1, 7, 13, 19, 25, 2, 8, 14, 20, 26, 3, 9, 15, 21, 27, 4, 10, 16, 22, 28, 5, 11, 17, 23, 
1, 7, 13, 19, 25, 2, 8, 14, 20, 26, 3, 9, 15, 21, 27, 4, 10, 16, 22, 28, 5, 11, 17, 23, 0, 6, 12, 18, 24, 
2, 8, 14, 20, 26, 3, 9, 15, 21, 27, 4, 10, 16, 22, 28, 5, 11, 17, 23, 0, 6, 12, 18, 24, 1, 7, 13, 19, 25, 
3, 9, 15, 21, 27, 4, 10, 16, 22, 28, 5, 11, 17, 23, 0, 6, 12, 18, 24, 1, 7, 13, 19, 25, 2, 8, 14, 20, 26, 
4, 10, 16, 22, 28, 5, 11, 17, 23, 0, 6, 12, 18, 24, 1, 7, 13, 19, 25, 2, 8, 14, 20, 26, 3, 9, 15, 21, 27, 
5, 11, 17, 23, 0, 6, 12, 18, 24, 1, 7, 13, 19, 25, 2, 8, 14, 20, 26, 3, 9, 15, 21, 27, 4, 10, 16, 22, 28, 
6, 12, 18, 24, 1, 7, 13, 19, 25, 2, 8, 14, 20, 26, 3, 9, 15, 21, 27, 4, 10, 16, 22, 28, 5, 11, 17, 23, 0, 
7, 13, 19, 25, 2, 8, 14, 20, 26, 3, 9, 15, 21, 27, 4, 10, 16, 22, 28, 5, 11, 17, 23, 0, 6, 12, 18, 24, 1, 
8, 14, 20, 26, 3, 9, 15, 21, 27, 4, 10, 16, 22, 28, 5, 11, 17, 23, 0, 6, 12, 18, 24, 1, 7, 13, 19, 25, 2, 
9, 15, 21, 27, 4, 10, 16, 22, 28, 5, 11, 17, 23, 0, 6, 12, 18, 24, 1, 7, 13, 19, 25, 2, 8, 14, 20, 26, 3, 
10, 16, 22, 28, 5, 11, 17, 23, 0, 6, 12, 18, 24, 1, 7, 13, 19, 25, 2, 8, 14, 20, 26, 3, 9, 15, 21, 27, 4, 
11, 17, 23, 0, 6, 12, 18, 24, 1, 7, 13, 19, 25, 2, 8, 14, 20, 26, 3, 9, 15, 21, 27, 4, 10, 16, 22, 28, 5, 
12, 18, 24, 1, 7, 13, 19, 25, 2, 8, 14, 20, 26, 3, 9, 15, 21, 27, 4, 10, 16, 22, 28, 5, 11, 17, 23, 0, 6, 
13, 19, 25, 2, 8, 14, 20, 26, 3, 9, 15, 21, 27, 4, 10, 16, 22, 28, 5, 11, 17, 23, 0, 6, 12, 18, 24, 1, 7, 
14, 20, 26, 3, 9, 15, 21, 27, 4, 10, 16, 22, 28, 5, 11, 17, 23, 0, 6, 12, 18, 24, 1, 7, 13, 19, 25, 2, 8, 
15, 21, 27, 4, 10, 16, 22, 28, 5, 11, 17, 23, 0, 6, 12, 18, 24, 1, 7, 13, 19, 25, 2, 8, 14, 20, 26, 3, 9, 
16, 22, 28, 5, 11, 17, 23, 0, 6, 12, 18, 24, 1, 7, 13, 19, 25, 2, 8, 14, 20, 26, 3, 9, 15, 21, 27, 4, 10, 
17, 23, 0, 6, 12, 18, 24, 1, 7, 13, 19, 25, 2, 8, 14, 20, 26, 3, 9, 15, 21, 27, 4, 10, 16, 22, 28, 5, 11, 
18, 24, 1, 7, 13, 19, 25, 2, 8, 14, 20, 26, 3, 9, 15, 21, 27, 4, 10, 16, 22, 28, 5, 11, 17, 23, 0, 6, 12, 
19, 25, 2, 8, 14, 20, 26, 3, 9, 15, 21, 27, 4, 10, 16, 22, 28, 5, 11, 17, 23, 0, 6, 12, 18, 24, 1, 7, 13, 
20, 26, 3, 9, 15, 21, 27, 4, 10, 16, 22, 28, 5, 11, 17, 23, 0, 6, 12, 18, 24, 1, 7, 13, 19, 25, 2, 8, 14, 
21, 27, 4, 10, 16, 22, 28, 5, 11, 17, 23, 0, 6, 12, 18, 24, 1, 7, 13, 19, 25, 2, 8, 14, 20, 26, 3, 9, 15, 
22, 28, 5, 11, 17, 23, 0, 6, 12, 18, 24, 1, 7, 13, 19, 25, 2, 8, 14, 20, 26, 3, 9, 15, 21, 27, 4, 10, 16, 
23, 0, 6, 12, 18, 24, 1, 7, 13, 19, 25, 2, 8, 14, 20, 26, 3, 9, 15, 21, 27, 4, 10, 16, 22, 28, 5, 11, 17, 
24, 1, 7, 13, 19, 25, 2, 8, 14, 20, 26, 3, 9, 15, 21, 27, 4, 10, 16, 22, 28, 5, 11, 17, 23, 0, 6, 12, 18, 
25, 2, 8, 14, 20, 26, 3, 9, 15, 21, 27, 4, 10, 16, 22, 28, 5, 11, 17, 23, 0, 6, 12, 18, 24, 1, 7, 13, 19, 
26, 3, 9, 15, 21, 27, 4, 10, 16, 22, 28, 5, 11, 17, 23, 0, 6, 12, 18, 24, 1, 7, 13, 19, 25, 2, 8, 14, 20, 
27, 4, 10, 16, 22, 28, 5, 11, 17, 23, 0, 6, 12, 18, 24, 1, 7, 13, 19, 25, 2, 8, 14, 20, 26, 3, 9, 15, 21, 
28, 5, 11, 17, 23, 0, 6, 12, 18, 24, 1, 7, 13, 19, 25, 2, 8, 14, 20, 26, 3, 9, 15, 21, 27, 4, 10, 16, 22, 

Latin Square 6:
0, 7, 14, 21, 28, 6, 13, 20, 27, 5, 12, 19, 26, 4, 11, 18, 25, 3, 10, 17, 24, 2, 9, 16, 23, 1, 8, 15, 22, 
1, 8, 15, 22, 0, 7, 14, 21, 28, 6, 13, 20, 27, 5, 12, 19, 26, 4, 11, 18, 25, 3, 10, 17, 24, 2, 9, 16, 23, 
2, 9, 16, 23, 1, 8, 15, 22, 0, 7, 14, 21, 28, 6, 13, 20, 27, 5, 12, 19, 26, 4, 11, 18, 25, 3, 10, 17, 24, 
3, 10, 17, 24, 2, 9, 16, 23, 1, 8, 15, 22, 0, 7, 14, 21, 28, 6, 13, 20, 27, 5, 12, 19, 26, 4, 11, 18, 25, 
4, 11, 18, 25, 3, 10, 17, 24, 2, 9, 16, 23, 1, 8, 15, 22, 0, 7, 14, 21, 28, 6, 13, 20, 27, 5, 12, 19, 26, 
5, 12, 19, 26, 4, 11, 18, 25, 3, 10, 17, 24, 2, 9, 16, 23, 1, 8, 15, 22, 0, 7, 14, 21, 28, 6, 13, 20, 27, 
6, 13, 20, 27, 5, 12, 19, 26, 4, 11, 18, 25, 3, 10, 17, 24, 2, 9, 16, 23, 1, 8, 15, 22, 0, 7, 14, 21, 28, 
7, 14, 21, 28, 6, 13, 20, 27, 5, 12, 19, 26, 4, 11, 18, 25, 3, 10, 17, 24, 2, 9, 16, 23, 1, 8, 15, 22, 0, 
8, 15, 22, 0, 7, 14, 21, 28, 6, 13, 20, 27, 5, 12, 19, 26, 4, 11, 18, 25, 3, 10, 17, 24, 2, 9, 16, 23, 1, 
9, 16, 23, 1, 8, 15, 22, 0, 7, 14, 21, 28, 6, 13, 20, 27, 5, 12, 19, 26, 4, 11, 18, 25, 3, 10, 17, 24, 2, 
10, 17, 24, 2, 9, 16, 23, 1, 8, 15, 22, 0, 7, 14, 21, 28, 6, 13, 20, 27, 5, 12, 19, 26, 4, 11, 18, 25, 3, 
11, 18, 25, 3, 10, 17, 24, 2, 9, 16, 23, 1, 8, 15, 22, 0, 7, 14, 21, 28, 6, 13, 20, 27, 5, 12, 19, 26, 4, 
12, 19, 26, 4, 11, 18, 25, 3, 10, 17, 24, 2, 9, 16, 23, 1, 8, 15, 22, 0, 7, 14, 21, 28, 6, 13, 20, 27, 5, 
13, 20, 27, 5, 12, 19, 26, 4, 11, 18, 25, 3, 10, 17, 24, 2, 9, 16, 23, 1, 8, 15, 22, 0, 7, 14, 21, 28, 6, 
14, 21, 28, 6, 13, 20, 27, 5, 12, 19, 26, 4, 11, 18, 25, 3, 10, 17, 24, 2, 9, 16, 23, 1, 8, 15, 22, 0, 7, 
15, 22, 0, 7, 14, 21, 28, 6, 13, 20, 27, 5, 12, 19, 26, 4, 11, 18, 25, 3, 10, 17, 24, 2, 9, 16, 23, 1, 8, 
16, 23, 1, 8, 15, 22, 0, 7, 14, 21, 28, 6, 13, 20, 27, 5, 12, 19, 26, 4, 11, 18, 25, 3, 10, 17, 24, 2, 9, 
17, 24, 2, 9, 16, 23, 1, 8, 15, 22, 0, 7, 14, 21, 28, 6, 13, 20, 27, 5, 12, 19, 26, 4, 11, 18, 25, 3, 10, 
18, 25, 3, 10, 17, 24, 2, 9, 16, 23, 1, 8, 15, 22, 0, 7, 14, 21, 28, 6, 13, 20, 27, 5, 12, 19, 26, 4, 11, 
19, 26, 4, 11, 18, 25, 3, 10, 17, 24, 2, 9, 16, 23, 1, 8, 15, 22, 0, 7, 14, 21, 28, 6, 13, 20, 27, 5, 12, 
20, 27, 5, 12, 19, 26, 4, 11, 18, 25, 3, 10, 17, 24, 2, 9, 16, 23, 1, 8, 15, 22, 0, 7, 14, 21, 28, 6, 13, 
21, 28, 6, 13, 20, 27, 5, 12, 19, 26, 4, 11, 18, 25, 3, 10, 17, 24, 2, 9, 16, 23, 1, 8, 15, 22, 0, 7, 14, 
22, 0, 7, 14, 21, 28, 6, 13, 20, 27, 5, 12, 19, 26, 4, 11, 18, 25, 3, 10, 17, 24, 2, 9, 16, 23, 1, 8, 15, 
23, 1, 8, 15, 22, 0, 7, 14, 21, 28, 6, 13, 20, 27, 5, 12, 19, 26, 4, 11, 18, 25, 3, 10, 17, 24, 2, 9, 16, 
24, 2, 9, 16, 23, 1, 8, 15, 22, 0, 7, 14, 21, 28, 6, 13, 20, 27, 5, 12, 19, 26, 4, 11, 18, 25, 3, 10, 17, 
25, 3, 10, 17, 24, 2, 9, 16, 23, 1, 8, 15, 22, 0, 7, 14, 21, 28, 6, 13, 20, 27, 5, 12, 19, 26, 4, 11, 18, 
26, 4, 11, 18, 25, 3, 10, 17, 24, 2, 9, 16, 23, 1, 8, 15, 22, 0, 7, 14, 21, 28, 6, 13, 20, 27, 5, 12, 19, 
27, 5, 12, 19, 26, 4, 11, 18, 25, 3, 10, 17, 24, 2, 9, 16, 23, 1, 8, 15, 22, 0, 7, 14, 21, 28, 6, 13, 20, 
28, 6, 13, 20, 27, 5, 12, 19, 26, 4, 11, 18, 25, 3, 10, 17, 24, 2, 9, 16, 23, 1, 8, 15, 22, 0, 7, 14, 21, 

Latin Square 7:
0, 8, 16, 24, 3, 11, 19, 27, 6, 14, 22, 1, 9, 17, 25, 4, 12, 20, 28, 7, 15, 23, 2, 10, 18, 26, 5, 13, 21, 
1, 9, 17, 25, 4, 12, 20, 28, 7, 15, 23, 2, 10, 18, 26, 5, 13, 21, 0, 8, 16, 24, 3, 11, 19, 27, 6, 14, 22, 
2, 10, 18, 26, 5, 13, 21, 0, 8, 16, 24, 3, 11, 19, 27, 6, 14, 22, 1, 9, 17, 25, 4, 12, 20, 28, 7, 15, 23, 
3, 11, 19, 27, 6, 14, 22, 1, 9, 17, 25, 4, 12, 20, 28, 7, 15, 23, 2, 10, 18, 26, 5, 13, 21, 0, 8, 16, 24, 
4, 12, 20, 28, 7, 15, 23, 2, 10, 18, 26, 5, 13, 21, 0, 8, 16, 24, 3, 11, 19, 27, 6, 14, 22, 1, 9, 17, 25, 
5, 13, 21, 0, 8, 16, 24, 3, 11, 19, 27, 6, 14, 22, 1, 9, 17, 25, 4, 12, 20, 28, 7, 15, 23, 2, 10, 18, 26, 
6, 14, 22, 1, 9, 17, 25, 4, 12, 20, 28, 7, 15, 23, 2, 10, 18, 26, 5, 13, 21, 0, 8, 16, 24, 3, 11, 19, 27, 
7, 15, 23, 2, 10, 18, 26, 5, 13, 21, 0, 8, 16, 24, 3, 11, 19, 27, 6, 14, 22, 1, 9, 17, 25, 4, 12, 20, 28, 
8, 16, 24, 3, 11, 19, 27, 6, 14, 22, 1, 9, 17, 25, 4, 12, 20, 28, 7, 15, 23, 2, 10, 18, 26, 5, 13, 21, 0, 
9, 17, 25, 4, 12, 20, 28, 7, 15, 23, 2, 10, 18, 26, 5, 13, 21, 0, 8, 16, 24, 3, 11, 19, 27, 6, 14, 22, 1, 
10, 18, 26, 5, 13, 21, 0, 8, 16, 24, 3, 11, 19, 27, 6, 14, 22, 1, 9, 17, 25, 4, 12, 20, 28, 7, 15, 23, 2, 
11, 19, 27, 6, 14, 22, 1, 9, 17, 25, 4, 12, 20, 28, 7, 15, 23, 2, 10, 18, 26, 5, 13, 21, 0, 8, 16, 24, 3, 
12, 20, 28, 7, 15, 23, 2, 10, 18, 26, 5, 13, 21, 0, 8, 16, 24, 3, 11, 19, 27, 6, 14, 22, 1, 9, 17, 25, 4, 
13, 21, 0, 8, 16, 24, 3, 11, 19, 27, 6, 14, 22, 1, 9, 17, 25, 4, 12, 20, 28, 7, 15, 23, 2, 10, 18, 26, 5, 
14, 22, 1, 9, 17, 25, 4, 12, 20, 28, 7, 15, 23, 2, 10, 18, 26, 5, 13, 21, 0, 8, 16, 24, 3, 11, 19, 27, 6, 
15, 23, 2, 10, 18, 26, 5, 13, 21, 0, 8, 16, 24, 3, 11, 19, 27, 6, 14, 22, 1, 9, 17, 25, 4, 12, 20, 28, 7, 
16, 24, 3, 11, 19, 27, 6, 14, 22, 1, 9, 17, 25, 4, 12, 20, 28, 7, 15, 23, 2, 10, 18, 26, 5, 13, 21, 0, 8, 
17, 25, 4, 12, 20, 28, 7, 15, 23, 2, 10, 18, 26, 5, 13, 21, 0, 8, 16, 24, 3, 11, 19, 27, 6, 14, 22, 1, 9, 
18, 26, 5, 13, 21, 0, 8, 16, 24, 3, 11, 19, 27, 6, 14, 22, 1, 9, 17, 25, 4, 12, 20, 28, 7, 15, 23, 2, 10, 
19, 27, 6, 14, 22, 1, 9, 17, 25, 4, 12, 20, 28, 7, 15, 23, 2, 10, 18, 26, 5, 13, 21, 0, 8, 16, 24, 3, 11, 
20, 28, 7, 15, 23, 2, 10, 18, 26, 5, 13, 21, 0, 8, 16, 24, 3, 11, 19, 27, 6, 14, 22, 1, 9, 17, 25, 4, 12, 
21, 0, 8, 16, 24, 3, 11, 19, 27, 6, 14, 22, 1, 9, 17, 25, 4, 12, 20, 28, 7, 15, 23, 2, 10, 18, 26, 5, 13, 
22, 1, 9, 17, 25, 4, 12, 20, 28, 7, 15, 23, 2, 10, 18, 26, 5, 13, 21, 0, 8, 16, 24, 3, 11, 19, 27, 6, 14, 
23, 2, 10, 18, 26, 5, 13, 21, 0, 8, 16, 24, 3, 11, 19, 27, 6, 14, 22, 1, 9, 17, 25, 4, 12, 20, 28, 7, 15, 
24, 3, 11, 19, 27, 6, 14, 22, 1, 9, 17, 25, 4, 12, 20, 28, 7, 15, 23, 2, 10, 18, 26, 5, 13, 21, 0, 8, 16, 
25, 4, 12, 20, 28, 7, 15, 23, 2, 10, 18, 26, 5, 13, 21, 0, 8, 16, 24, 3, 11, 19, 27, 6, 14, 22, 1, 9, 17, 
26, 5, 13, 21, 0, 8, 16, 24, 3, 11, 19, 27, 6, 14, 22, 1, 9, 17, 25, 4, 12, 20, 28, 7, 15, 23, 2, 10, 18, 
27, 6, 14, 22, 1, 9, 17, 25, 4, 12, 20, 28, 7, 15, 23, 2, 10, 18, 26, 5, 13, 21, 0, 8, 16, 24, 3, 11, 19, 
28, 7, 15, 23, 2, 10, 18, 26, 5, 13, 21, 0, 8, 16, 24, 3, 11, 19, 27, 6, 14, 22, 1, 9, 17, 25, 4, 12, 20, 

Latin Square 8:
0, 9, 18, 27, 7, 16, 25, 5, 14, 23, 3, 12, 21, 1, 10, 19, 28, 8, 17, 26, 6, 15, 24, 4, 13, 22, 2, 11, 20, 
1, 10, 19, 28, 8, 17, 26, 6, 15, 24, 4, 13, 22, 2, 11, 20, 0, 9, 18, 27, 7, 16, 25, 5, 14, 23, 3, 12, 21, 
2, 11, 20, 0, 9, 18, 27, 7, 16, 25, 5, 14, 23, 3, 12, 21, 1, 10, 19, 28, 8, 17, 26, 6, 15, 24, 4, 13, 22, 
3, 12, 21, 1, 10, 19, 28, 8, 17, 26, 6, 15, 24, 4, 13, 22, 2, 11, 20, 0, 9, 18, 27, 7, 16, 25, 5, 14, 23, 
4, 13, 22, 2, 11, 20, 0, 9, 18, 27, 7, 16, 25, 5, 14, 23, 3, 12, 21, 1, 10, 19, 28, 8, 17, 26, 6, 15, 24, 
5, 14, 23, 3, 12, 21, 1, 10, 19, 28, 8, 17, 26, 6, 15, 24, 4, 13, 22, 2, 11, 20, 0, 9, 18, 27, 7, 16, 25, 
6, 15, 24, 4, 13, 22, 2, 11, 20, 0, 9, 18, 27, 7, 16, 25, 5, 14, 23, 3, 12, 21, 1, 10, 19, 28, 8, 17, 26, 
7, 16, 25, 5, 14, 23, 3, 12, 21, 1, 10, 19, 28, 8, 17, 26, 6, 15, 24, 4, 13, 22, 2, 11, 20, 0, 9, 18, 27, 
8, 17, 26, 6, 15, 24, 4, 13, 22, 2, 11, 20, 0, 9, 18, 27, 7, 16, 25, 5, 14, 23, 3, 12, 21, 1, 10, 19, 28, 
9, 18, 27, 7, 16, 25, 5, 14, 23, 3, 12, 21, 1, 10, 19, 28, 8, 17, 26, 6, 15, 24, 4, 13, 22, 2, 11, 20, 0, 
10, 19, 28, 8, 17, 26, 6, 15, 24, 4, 13, 22, 2, 11, 20, 0, 9, 18, 27, 7, 16, 25, 5, 14, 23, 3, 12, 21, 1, 
11, 20, 0, 9, 18, 27, 7, 16, 25, 5, 14, 23, 3, 12, 21, 1, 10, 19, 28, 8, 17, 26, 6, 15, 24, 4, 13, 22, 2, 
12, 21, 1, 10, 19, 28, 8, 17, 26, 6, 15, 24, 4, 13, 22, 2, 11, 20, 0, 9, 18, 27, 7, 16, 25, 5, 14, 23, 3, 
13, 22, 2, 11, 20, 0, 9, 18, 27, 7, 16, 25, 5, 14, 23, 3, 12, 21, 1, 10, 19, 28, 8, 17, 26, 6, 15, 24, 4, 
14, 23, 3, 12, 21, 1, 10, 19, 28, 8, 17, 26, 6, 15, 24, 4, 13, 22, 2, 11, 20, 0, 9, 18, 27, 7, 16, 25, 5, 
15, 24, 4, 13, 22, 2, 11, 20, 0, 9, 18, 27, 7, 16, 25, 5, 14, 23, 3, 12, 21, 1, 10, 19, 28, 8, 17, 26, 6, 
16, 25, 5, 14, 23, 3, 12, 21, 1, 10, 19, 28, 8, 17, 26, 6, 15, 24, 4, 13, 22, 2, 11, 20, 0, 9, 18, 27, 7, 
17, 26, 6, 15, 24, 4, 13, 22, 2, 11, 20, 0, 9, 18, 27, 7, 16, 25, 5, 14, 23, 3, 12, 21, 1, 10, 19, 28, 8, 
18, 27, 7, 16, 25, 5, 14, 23, 3, 12, 21, 1, 10, 19, 28, 8, 17, 26, 6, 15, 24, 4, 13, 22, 2, 11, 20, 0, 9, 
19, 28, 8, 17, 26, 6, 15, 24, 4, 13, 22, 2, 11, 20, 0, 9, 18, 27, 7, 16, 25, 5, 14, 23, 3, 12, 21, 1, 10, 
20, 0, 9, 18, 27, 7, 16, 25, 5, 14, 23, 3, 12, 21, 1, 10, 19, 28, 8, 17, 26, 6, 15, 24, 4, 13, 22, 2, 11, 
21, 1, 10, 19, 28, 8, 17, 26, 6, 15, 24, 4, 13, 22, 2, 11, 20, 0, 9, 18, 27, 7, 16, 25, 5, 14, 23, 3, 12, 
22, 2, 11, 20, 0, 9, 18, 27, 7, 16, 25, 5, 14, 23, 3, 12, 21, 1, 10, 19, 28, 8, 17, 26, 6, 15, 24, 4, 13, 
23, 3, 12, 21, 1, 10, 19, 28, 8, 17, 26, 6, 15, 24, 4, 13, 22, 2, 11, 20, 0, 9, 18, 27, 7, 16, 25, 5, 14, 
24, 4, 13, 22, 2, 11, 20, 0, 9, 18, 27, 7, 16, 25, 5, 14, 23, 3, 12, 21, 1, 10, 19, 28, 8, 17, 26, 6, 15, 
25, 5, 14, 23, 3, 12, 21, 1, 10, 19, 28, 8, 17, 26, 6, 15, 24, 4, 13, 22, 2, 11, 20, 0, 9, 18, 27, 7, 16, 
26, 6, 15, 24, 4, 13, 22, 2, 11, 20, 0, 9, 18, 27, 7, 16, 25, 5, 14, 23, 3, 12, 21, 1, 10, 19, 28, 8, 17, 
27, 7, 16, 25, 5, 14, 23, 3, 12, 21, 1, 10, 19, 28, 8, 17, 26, 6, 15, 24, 4, 13, 22, 2, 11, 20, 0, 9, 18, 
28, 8, 17, 26, 6, 15, 24, 4, 13, 22, 2, 11, 20, 0, 9, 18, 27, 7, 16, 25, 5, 14, 23, 3, 12, 21, 1, 10, 19, 

Latin Square 9:
0, 10, 20, 1, 11, 21, 2, 12, 22, 3, 13, 23, 4, 14, 24, 5, 15, 25, 6, 16, 26, 7, 17, 27, 8, 18, 28, 9, 19, 
1, 11, 21, 2, 12, 22, 3, 13, 23, 4, 14, 24, 5, 15, 25, 6, 16, 26, 7, 17, 27, 8, 18, 28, 9, 19, 0, 10, 20, 
2, 12, 22, 3, 13, 23, 4, 14, 24, 5, 15, 25, 6, 16, 26, 7, 17, 27, 8, 18, 28, 9, 19, 0, 10, 20, 1, 11, 21, 
3, 13, 23, 4, 14, 24, 5, 15, 25, 6, 16, 26, 7, 17, 27, 8, 18, 28, 9, 19, 0, 10, 20, 1, 11, 21, 2, 12, 22, 
4, 14, 24, 5, 15, 25, 6, 16, 26, 7, 17, 27, 8, 18, 28, 9, 19, 0, 10, 20, 1, 11, 21, 2, 12, 22, 3, 13, 23, 
5, 15, 25, 6, 16, 26, 7, 17, 27, 8, 18, 28, 9, 19, 0, 10, 20, 1, 11, 21, 2, 12, 22, 3, 13, 23, 4, 14, 24, 
6, 16, 26, 7, 17, 27, 8, 18, 28, 9, 19, 0, 10, 20, 1, 11, 21, 2, 12, 22, 3, 13, 23, 4, 14, 24, 5, 15, 25, 
7, 17, 27, 8, 18, 28, 9, 19, 0, 10, 20, 1, 11, 21, 2, 12, 22, 3, 13, 23, 4, 14, 24, 5, 15, 25, 6, 16, 26, 
8, 18, 28, 9, 19, 0, 10, 20, 1, 11, 21, 2, 12, 22, 3, 13, 23, 4, 14, 24, 5, 15, 25, 6, 16, 26, 7, 17, 27, 
9, 19, 0, 10, 20, 1, 11, 21, 2, 12, 22, 3, 13, 23, 4, 14, 24, 5, 15, 25, 6, 16, 26, 7, 17, 27, 8, 18, 28, 
10, 20, 1, 11, 21, 2, 12, 22, 3, 13, 23, 4, 14, 24, 5, 15, 25, 6, 16, 26, 7, 17, 27, 8, 18, 28, 9, 19, 0, 
11, 21, 2, 12, 22, 3, 13, 23, 4, 14, 24, 5, 15, 25, 6, 16, 26, 7, 17, 27, 8, 18, 28, 9, 19, 0, 10, 20, 1, 
12, 22, 3, 13, 23, 4, 14, 24, 5, 15, 25, 6, 16, 26, 7, 17, 27, 8, 18, 28, 9, 19, 0, 10, 20, 1, 11, 21, 2, 
13, 23, 4, 14, 24, 5, 15, 25, 6, 16, 26, 7, 17, 27, 8, 18, 28, 9, 19, 0, 10, 20, 1, 11, 21, 2, 12, 22, 3, 
14, 24, 5, 15, 25, 6, 16, 26, 7, 17, 27, 8, 18, 28, 9, 19, 0, 10, 20, 1, 11, 21, 2, 12, 22, 3, 13, 23, 4, 
15, 25, 6, 16, 26, 7, 17, 27, 8, 18, 28, 9, 19, 0, 10, 20, 1, 11, 21, 2, 12, 22, 3, 13, 23, 4, 14, 24, 5, 
16, 26, 7, 17, 27, 8, 18, 28, 9, 19, 0, 10, 20, 1, 11, 21, 2, 12, 22, 3, 13, 23, 4, 14, 24, 5, 15, 25, 6, 
17, 27, 8, 18, 28, 9, 19, 0, 10, 20, 1, 11, 21, 2, 12, 22, 3, 13, 23, 4, 14, 24, 5, 15, 25, 6, 16, 26, 7, 
18, 28, 9, 19, 0, 10, 20, 1, 11, 21, 2, 12, 22, 3, 13, 23, 4, 14, 24, 5, 15, 25, 6, 16, 26, 7, 17, 27, 8, 
19, 0, 10, 20, 1, 11, 21, 2, 12, 22, 3, 13, 23, 4, 14, 24, 5, 15, 25, 6, 16, 26, 7, 17, 27, 8, 18, 28, 9, 
20, 1, 11, 21, 2, 12, 22, 3, 13, 23, 4, 14, 24, 5, 15, 25, 6, 16, 26, 7, 17, 27, 8, 18, 28, 9, 19, 0, 10, 
21, 2, 12, 22, 3, 13, 23, 4, 14, 24, 5, 15, 25, 6, 16, 26, 7, 17, 27, 8, 18, 28, 9, 19, 0, 10, 20, 1, 11, 
22, 3, 13, 23, 4, 14, 24, 5, 15, 25, 6, 16, 26, 7, 17, 27, 8, 18, 28, 9, 19, 0, 10, 20, 1, 11, 21, 2, 12, 
23, 4, 14, 24, 5, 15, 25, 6, 16, 26, 7, 17, 27, 8, 18, 28, 9, 19, 0, 10, 20, 1, 11, 21, 2, 12, 22, 3, 13, 
24, 5, 15, 25, 6, 16, 26, 7, 17, 27, 8, 18, 28, 9, 19, 0, 10, 20, 1, 11, 21, 2, 12, 22, 3, 13, 23, 4, 14, 
25, 6, 16, 26, 7, 17, 27, 8, 18, 28, 9, 19, 0, 10, 20, 1, 11, 21, 2, 12, 22, 3, 13, 23, 4, 14, 24, 5, 15, 
26, 7, 17, 27, 8, 18, 28, 9, 19, 0, 10, 20, 1, 11, 21, 2, 12, 22, 3, 13, 23, 4, 14, 24, 5, 15, 25, 6, 16, 
27, 8, 18, 28, 9, 19, 0, 10, 20, 1, 11, 21, 2, 12, 22, 3, 13, 23, 4, 14, 24, 5, 15, 25, 6, 16, 26, 7, 17, 
28, 9, 19, 0, 10, 20, 1, 11, 21, 2, 12, 22, 3, 13, 23, 4, 14, 24, 5, 15, 25, 6, 16, 26, 7, 17, 27, 8, 18, 

Latin Square 10:
0, 11, 22, 4, 15, 26, 8, 19, 1, 12, 23, 5, 16, 27, 9, 20, 2, 13, 24, 6, 17, 28, 10, 21, 3, 14, 25, 7, 18, 
1, 12, 23, 5, 16, 27, 9, 20, 2, 13, 24, 6, 17, 28, 10, 21, 3, 14, 25, 7, 18, 0, 11, 22, 4, 15, 26, 8, 19, 
2, 13, 24, 6, 17, 28, 10, 21, 3, 14, 25, 7, 18, 0, 11, 22, 4, 15, 26, 8, 19, 1, 12, 23, 5, 16, 27, 9, 20, 
3, 14, 25, 7, 18, 0, 11, 22, 4, 15, 26, 8, 19, 1, 12, 23, 5, 16, 27, 9, 20, 2, 13, 24, 6, 17, 28, 10, 21, 
4, 15, 26, 8, 19, 1, 12, 23, 5, 16, 27, 9, 20, 2, 13, 24, 6, 17, 28, 10, 21, 3, 14, 25, 7, 18, 0, 11, 22, 
5, 16, 27, 9, 20, 2, 13, 24, 6, 17, 28, 10, 21, 3, 14, 25, 7, 18, 0, 11, 22, 4, 15, 26, 8, 19, 1, 12, 23, 
6, 17, 28, 10, 21, 3, 14, 25, 7, 18, 0, 11, 22, 4, 15, 26, 8, 19, 1, 12, 23, 5, 16, 27, 9, 20, 2, 13, 24, 
7, 18, 0, 11, 22, 4, 15, 26, 8, 19, 1, 12, 23, 5, 16, 27, 9, 20, 2, 13, 24, 6, 17, 28, 10, 21, 3, 14, 25, 
8, 19, 1, 12, 23, 5, 16, 27, 9, 20, 2, 13, 24, 6, 17, 28, 10, 21, 3, 14, 25, 7, 18, 0, 11, 22, 4, 15, 26, 
9, 20, 2, 13, 24, 6, 17, 28, 10, 21, 3, 14, 25, 7, 18, 0, 11, 22, 4, 15, 26, 8, 19, 1, 12, 23, 5, 16, 27, 
10, 21, 3, 14, 25, 7, 18, 0, 11, 22, 4, 15, 26, 8, 19, 1, 12, 23, 5, 16, 27, 9, 20, 2, 13, 24, 6, 17, 28, 
11, 22, 4, 15, 26, 8, 19, 1, 12, 23, 5, 16, 27, 9, 20, 2, 13, 24, 6, 17, 28, 10, 21, 3, 14, 25, 7, 18, 0, 
12, 23, 5, 16, 27, 9, 20, 2, 13, 24, 6, 17, 28, 10, 21, 3, 14, 25, 7, 18, 0, 11, 22, 4, 15, 26, 8, 19, 1, 
13, 24, 6, 17, 28, 10, 21, 3, 14, 25, 7, 18, 0, 11, 22, 4, 15, 26, 8, 19, 1, 12, 23, 5, 16, 27, 9, 20, 2, 
14, 25, 7, 18, 0, 11, 22, 4, 15, 26, 8, 19, 1, 12, 23, 5, 16, 27, 9, 20, 2, 13, 24, 6, 17, 28, 10, 21, 3, 
15, 26, 8, 19, 1, 12, 23, 5, 16, 27, 9, 20, 2, 13, 24, 6, 17, 28, 10, 21, 3, 14, 25, 7, 18, 0, 11, 22, 4, 
16, 27, 9, 20, 2, 13, 24, 6, 17, 28, 10, 21, 3, 14, 25, 7, 18, 0, 11, 22, 4, 15, 26, 8, 19, 1, 12, 23, 5, 
17, 28, 10, 21, 3, 14, 25, 7, 18, 0, 11, 22, 4, 15, 26, 8, 19, 1, 12, 23, 5, 16, 27, 9, 20, 2, 13, 24, 6, 
18, 0, 11, 22, 4, 15, 26, 8, 19, 1, 12, 23, 5, 16, 27, 9, 20, 2, 13, 24, 6, 17, 28, 10, 21, 3, 14, 25, 7, 
19, 1, 12, 23, 5, 16, 27, 9, 20, 2, 13, 24, 6, 17, 28, 10, 21, 3, 14, 25, 7, 18, 0, 11, 22, 4, 15, 26, 8, 
20, 2, 13, 24, 6, 17, 28, 10, 21, 3, 14, 25, 7, 18, 0, 11, 22, 4, 15, 26, 8, 19, 1, 12, 23, 5, 16, 27, 9, 
21, 3, 14, 25, 7, 18, 0, 11, 22, 4, 15, 26, 8, 19, 1, 12, 23, 5, 16, 27, 9, 20, 2, 13, 24, 6, 17, 28, 10, 
22, 4, 15, 26, 8, 19, 1, 12, 23, 5, 16, 27, 9, 20, 2, 13, 24, 6, 17, 28, 10, 21, 3, 14, 25, 7, 18, 0, 11, 
23, 5, 16, 27, 9, 20, 2, 13, 24, 6, 17, 28, 10, 21, 3, 14, 25, 7, 18, 0, 11, 22, 4, 15, 26, 8, 19, 1, 12, 
24, 6, 17, 28, 10, 21, 3, 14, 25, 7, 18, 0, 11, 22, 4, 15, 26, 8, 19, 1, 12, 23, 5, 16, 27, 9, 20, 2, 13, 
25, 7, 18, 0, 11, 22, 4, 15, 26, 8, 19, 1, 12, 23, 5, 16, 27, 9, 20, 2, 13, 24, 6, 17, 28, 10, 21, 3, 14, 
26, 8, 19, 1, 12, 23, 5, 16, 27, 9, 20, 2, 13, 24, 6, 17, 28, 10, 21, 3, 14, 25, 7, 18, 0, 11, 22, 4, 15, 
27, 9, 20, 2, 13, 24, 6, 17, 28, 10, 21, 3, 14, 25, 7, 18, 0, 11, 22, 4, 15, 26, 8, 19, 1, 12, 23, 5, 16, 
28, 10, 21, 3, 14, 25, 7, 18, 0, 11, 22, 4, 15, 26, 8, 19, 1, 12, 23, 5, 16, 27, 9, 20, 2, 13, 24, 6, 17, 

Latin Square 11:
0, 12, 24, 7, 19, 2, 14, 26, 9, 21, 4, 16, 28, 11, 23, 6, 18, 1, 13, 25, 8, 20, 3, 15, 27, 10, 22, 5, 17, 
1, 13, 25, 8, 20, 3, 15, 27, 10, 22, 5, 17, 0, 12, 24, 7, 19, 2, 14, 26, 9, 21, 4, 16, 28, 11, 23, 6, 18, 
2, 14, 26, 9, 21, 4, 16, 28, 11, 23, 6, 18, 1, 13, 25, 8, 20, 3, 15, 27, 10, 22, 5, 17, 0, 12, 24, 7, 19, 
3, 15, 27, 10, 22, 5, 17, 0, 12, 24, 7, 19, 2, 14, 26, 9, 21, 4, 16, 28, 11, 23, 6, 18, 1, 13, 25, 8, 20, 
4, 16, 28, 11, 23, 6, 18, 1, 13, 25, 8, 20, 3, 15, 27, 10, 22, 5, 17, 0, 12, 24, 7, 19, 2, 14, 26, 9, 21, 
5, 17, 0, 12, 24, 7, 19, 2, 14, 26, 9, 21, 4, 16, 28, 11, 23, 6, 18, 1, 13, 25, 8, 20, 3, 15, 27, 10, 22, 
6, 18, 1, 13, 25, 8, 20, 3, 15, 27, 10, 22, 5, 17, 0, 12, 24, 7, 19, 2, 14, 26, 9, 21, 4, 16, 28, 11, 23, 
7, 19, 2, 14, 26, 9, 21, 4, 16, 28, 11, 23, 6, 18, 1, 13, 25, 8, 20, 3, 15, 27, 10, 22, 5, 17, 0, 12, 24, 
8, 20, 3, 15, 27, 10, 22, 5, 17, 0, 12, 24, 7, 19, 2, 14, 26, 9, 21, 4, 16, 28, 11, 23, 6, 18, 1, 13, 25, 
9, 21, 4, 16, 28, 11, 23, 6, 18, 1, 13, 25, 8, 20, 3, 15, 27, 10, 22, 5, 17, 0, 12, 24, 7, 19, 2, 14, 26, 
10, 22, 5, 17, 0, 12, 24, 7, 19, 2, 14, 26, 9, 21, 4, 16, 28, 11, 23, 6, 18, 1, 13, 25, 8, 20, 3, 15, 27, 
11, 23, 6, 18, 1, 13, 25, 8, 20, 3, 15, 27, 10, 22, 5, 17, 0, 12, 24, 7, 19, 2, 14, 26, 9, 21, 4, 16, 28, 
12, 24, 7, 19, 2, 14, 26, 9, 21, 4, 16, 28, 11, 23, 6, 18, 1, 13, 25, 8, 20, 3, 15, 27, 10, 22, 5, 17, 0, 
13, 25, 8, 20, 3, 15, 27, 10, 22, 5, 17, 0, 12, 24, 7, 19, 2, 14, 26, 9, 21, 4, 16, 28, 11, 23, 6, 18, 1, 
14, 26, 9, 21, 4, 16, 28, 11, 23, 6, 18, 1, 13, 25, 8, 20, 3, 15, 27, 10, 22, 5, 17, 0, 12, 24, 7, 19, 2, 
15, 27, 10, 22, 5, 17, 0, 12, 24, 7, 19, 2, 14, 26, 9, 21, 4, 16, 28, 11, 23, 6, 18, 1, 13, 25, 8, 20, 3, 
16, 28, 11, 23, 6, 18, 1, 13, 25, 8, 20, 3, 15, 27, 10, 22, 5, 17, 0, 12, 24, 7, 19, 2, 14, 26, 9, 21, 4, 
17, 0, 12, 24, 7, 19, 2, 14, 26, 9, 21, 4, 16, 28, 11, 23, 6, 18, 1, 13, 25, 8, 20, 3, 15, 27, 10, 22, 5, 
18, 1, 13, 25, 8, 20, 3, 15, 27, 10, 22, 5, 17, 0, 12, 24, 7, 19, 2, 14, 26, 9, 21, 4, 16, 28, 11, 23, 6, 
19, 2, 14, 26, 9, 21, 4, 16, 28, 11, 23, 6, 18, 1, 13, 25, 8, 20, 3, 15, 27, 10, 22, 5, 17, 0, 12, 24, 7, 
20, 3, 15, 27, 10, 22, 5, 17, 0, 12, 24, 7, 19, 2, 14, 26, 9, 21, 4, 16, 28, 11, 23, 6, 18, 1, 13, 25, 8, 
21, 4, 16, 28, 11, 23, 6, 18, 1, 13, 25, 8, 20, 3, 15, 27, 10, 22, 5, 17, 0, 12, 24, 7, 19, 2, 14, 26, 9, 
22, 5, 17, 0, 12, 24, 7, 19, 2, 14, 26, 9, 21, 4, 16, 28, 11, 23, 6, 18, 1, 13, 25, 8, 20, 3, 15, 27, 10, 
23, 6, 18, 1, 13, 25, 8, 20, 3, 15, 27, 10, 22, 5, 17, 0, 12, 24, 7, 19, 2, 14, 26, 9, 21, 4, 16, 28, 11, 
24, 7, 19, 2, 14, 26, 9, 21, 4, 16, 28, 11, 23, 6, 18, 1, 13, 25, 8, 20, 3, 15, 27, 10, 22, 5, 17, 0, 12, 
25, 8, 20, 3, 15, 27, 10, 22, 5, 17, 0, 12, 24, 7, 19, 2, 14, 26, 9, 21, 4, 16, 28, 11, 23, 6, 18, 1, 13, 
26, 9, 21, 4, 16, 28, 11, 23, 6, 18, 1, 13, 25, 8, 20, 3, 15, 27, 10, 22, 5, 17, 0, 12, 24, 7, 19, 2, 14, 
27, 10, 22, 5, 17, 0, 12, 24, 7, 19, 2, 14, 26, 9, 21, 4, 16, 28, 11, 23, 6, 18, 1, 13, 25, 8, 20, 3, 15, 
28, 11, 23, 6, 18, 1, 13, 25, 8, 20, 3, 15, 27, 10, 22, 5, 17, 0, 12, 24, 7, 19, 2, 14, 26, 9, 21, 4, 16, 

Latin Square 12:
0, 13, 26, 10, 23, 7, 20, 4, 17, 1, 14, 27, 11, 24, 8, 21, 5, 18, 2, 15, 28, 12, 25, 9, 22, 6, 19, 3, 16, 
1, 14, 27, 11, 24, 8, 21, 5, 18, 2, 15, 28, 12, 25, 9, 22, 6, 19, 3, 16, 0, 13, 26, 10, 23, 7, 20, 4, 17, 
2, 15, 28, 12, 25, 9, 22, 6, 19, 3, 16, 0, 13, 26, 10, 23, 7, 20, 4, 17, 1, 14, 27, 11, 24, 8, 21, 5, 18, 
3, 16, 0, 13, 26, 10, 23, 7, 20, 4, 17, 1, 14, 27, 11, 24, 8, 21, 5, 18, 2, 15, 28, 12, 25, 9, 22, 6, 19, 
4, 17, 1, 14, 27, 11, 24, 8, 21, 5, 18, 2, 15, 28, 12, 25, 9, 22, 6, 19, 3, 16, 0, 13, 26, 10, 23, 7, 20, 
5, 18, 2, 15, 28, 12, 25, 9, 22, 6, 19, 3, 16, 0, 13, 26, 10, 23, 7, 20, 4, 17, 1, 14, 27, 11, 24, 8, 21, 
6, 19, 3, 16, 0, 13, 26, 10, 23, 7, 20, 4, 17, 1, 14, 27, 11, 24, 8, 21, 5, 18, 2, 15, 28, 12, 25, 9, 22, 
7, 20, 4, 17, 1, 14, 27, 11, 24, 8, 21, 5, 18, 2, 15, 28, 12, 25, 9, 22, 6, 19, 3, 16, 0, 13, 26, 10, 23, 
8, 21, 5, 18, 2, 15, 28, 12, 25, 9, 22, 6, 19, 3, 16, 0, 13, 26, 10, 23, 7, 20, 4, 17, 1, 14, 27, 11, 24, 
9, 22, 6, 19, 3, 16, 0, 13, 26, 10, 23, 7, 20, 4, 17, 1, 14, 27, 11, 24, 8, 21, 5, 18, 2, 15, 28, 12, 25, 
10, 23, 7, 20, 4, 17, 1, 14, 27, 11, 24, 8, 21, 5, 18, 2, 15, 28, 12, 25, 9, 22, 6, 19, 3, 16, 0, 13, 26, 
11, 24, 8, 21, 5, 18, 2, 15, 28, 12, 25, 9, 22, 6, 19, 3, 16, 0, 13, 26, 10, 23, 7, 20, 4, 17, 1, 14, 27, 
12, 25, 9, 22, 6, 19, 3, 16, 0, 13, 26, 10, 23, 7, 20, 4, 17, 1, 14, 27, 11, 24, 8, 21, 5, 18, 2, 15, 28, 
13, 26, 10, 23, 7, 20, 4, 17, 1, 14, 27, 11, 24, 8, 21, 5, 18, 2, 15, 28, 12, 25, 9, 22, 6, 19, 3, 16, 0, 
14, 27, 11, 24, 8, 21, 5, 18, 2, 15, 28, 12, 25, 9, 22, 6, 19, 3, 16, 0, 13, 26, 10, 23, 7, 20, 4, 17, 1, 
15, 28, 12, 25, 9, 22, 6, 19, 3, 16, 0, 13, 26, 10, 23, 7, 20, 4, 17, 1, 14, 27, 11, 24, 8, 21, 5, 18, 2, 
16, 0, 13, 26, 10, 23, 7, 20, 4, 17, 1, 14, 27, 11, 24, 8, 21, 5, 18, 2, 15, 28, 12, 25, 9, 22, 6, 19, 3, 
17, 1, 14, 27, 11, 24, 8, 21, 5, 18, 2, 15, 28, 12, 25, 9, 22, 6, 19, 3, 16, 0, 13, 26, 10, 23, 7, 20, 4, 
18, 2, 15, 28, 12, 25, 9, 22, 6, 19, 3, 16, 0, 13, 26, 10, 23, 7, 20, 4, 17, 1, 14, 27, 11, 24, 8, 21, 5, 
19, 3, 16, 0, 13, 26, 10, 23, 7, 20, 4, 17, 1, 14, 27, 11, 24, 8, 21, 5, 18, 2, 15, 28, 12, 25, 9, 22, 6, 
20, 4, 17, 1, 14, 27, 11, 24, 8, 21, 5, 18, 2, 15, 28, 12, 25, 9, 22, 6, 19, 3, 16, 0, 13, 26, 10, 23, 7, 
21, 5, 18, 2, 15, 28, 12, 25, 9, 22, 6, 19, 3, 16, 0, 13, 26, 10, 23, 7, 20, 4, 17, 1, 14, 27, 11, 24, 8, 
22, 6, 19, 3, 16, 0, 13, 26, 10, 23, 7, 20, 4, 17, 1, 14, 27, 11, 24, 8, 21, 5, 18, 2, 15, 28, 12, 25, 9, 
23, 7, 20, 4, 17, 1, 14, 27, 11, 24, 8, 21, 5, 18, 2, 15, 28, 12, 25, 9, 22, 6, 19, 3, 16, 0, 13, 26, 10, 
24, 8, 21, 5, 18, 2, 15, 28, 12, 25, 9, 22, 6, 19, 3, 16, 0, 13, 26, 10, 23, 7, 20, 4, 17, 1, 14, 27, 11, 
25, 9, 22, 6, 19, 3, 16, 0, 13, 26, 10, 23, 7, 20, 4, 17, 1, 14, 27, 11, 24, 8, 21, 5, 18, 2, 15, 28, 12, 
26, 10, 23, 7, 20, 4, 17, 1, 14, 27, 11, 24, 8, 21, 5, 18, 2, 15, 28, 12, 25, 9, 22, 6, 19, 3, 16, 0, 13, 
27, 11, 24, 8, 21, 5, 18, 2, 15, 28, 12, 25, 9, 22, 6, 19, 3, 16, 0, 13, 26, 10, 23, 7, 20, 4, 17, 1, 14, 
28, 12, 25, 9, 22, 6, 19, 3, 16, 0, 13, 26, 10, 23, 7, 20, 4, 17, 1, 14, 27, 11, 24, 8, 21, 5, 18, 2, 15, 

Latin Square 13:
0, 14, 28, 13, 27, 12, 26, 11, 25, 10, 24, 9, 23, 8, 22, 7, 21, 6, 20, 5, 19, 4, 18, 3, 17, 2, 16, 1, 15, 
1, 15, 0, 14, 28, 13, 27, 12, 26, 11, 25, 10, 24, 9, 23, 8, 22, 7, 21, 6, 20, 5, 19, 4, 18, 3, 17, 2, 16, 
2, 16, 1, 15, 0, 14, 28, 13, 27, 12, 26, 11, 25, 10, 24, 9, 23, 8, 22, 7, 21, 6, 20, 5, 19, 4, 18, 3, 17, 
3, 17, 2, 16, 1, 15, 0, 14, 28, 13, 27, 12, 26, 11, 25, 10, 24, 9, 23, 8, 22, 7, 21, 6, 20, 5, 19, 4, 18, 
4, 18, 3, 17, 2, 16, 1, 15, 0, 14, 28, 13, 27, 12, 26, 11, 25, 10, 24, 9, 23, 8, 22, 7, 21, 6, 20, 5, 19, 
5, 19, 4, 18, 3, 17, 2, 16, 1, 15, 0, 14, 28, 13, 27, 12, 26, 11, 25, 10, 24, 9, 23, 8, 22, 7, 21, 6, 20, 
6, 20, 5, 19, 4, 18, 3, 17, 2, 16, 1, 15, 0, 14, 28, 13, 27, 12, 26, 11, 25, 10, 24, 9, 23, 8, 22, 7, 21, 
7, 21, 6, 20, 5, 19, 4, 18, 3, 17, 2, 16, 1, 15, 0, 14, 28, 13, 27, 12, 26, 11, 25, 10, 24, 9, 23, 8, 22, 
8, 22, 7, 21, 6, 20, 5, 19, 4, 18, 3, 17, 2, 16, 1, 15, 0, 14, 28, 13, 27, 12, 26, 11, 25, 10, 24, 9, 23, 
9, 23, 8, 22, 7, 21, 6, 20, 5, 19, 4, 18, 3, 17, 2, 16, 1, 15, 0, 14, 28, 13, 27, 12, 26, 11, 25, 10, 24, 
10, 24, 9, 23, 8, 22, 7, 21, 6, 20, 5, 19, 4, 18, 3, 17, 2, 16, 1, 15, 0, 14, 28, 13, 27, 12, 26, 11, 25, 
11, 25, 10, 24, 9, 23, 8, 22, 7, 21, 6, 20, 5, 19, 4, 18, 3, 17, 2, 16, 1, 15, 0, 14, 28, 13, 27, 12, 26, 
12, 26, 11, 25, 10, 24, 9, 23, 8, 22, 7, 21, 6, 20, 5, 19, 4, 18, 3, 17, 2, 16, 1, 15, 0, 14, 28, 13, 27, 
13, 27, 12, 26, 11, 25, 10, 24, 9, 23, 8, 22, 7, 21, 6, 20, 5, 19, 4, 18, 3, 17, 2, 16, 1, 15, 0, 14, 28, 
14, 28, 13, 27, 12, 26, 11, 25, 10, 24, 9, 23, 8, 22, 7, 21, 6, 20, 5, 19, 4, 18, 3, 17, 2, 16, 1, 15, 0, 
15, 0, 14, 28, 13, 27, 12, 26, 11, 25, 10, 24, 9, 23, 8, 22, 7, 21, 6, 20, 5, 19, 4, 18, 3, 17, 2, 16, 1, 
16, 1, 15, 0, 14, 28, 13, 27, 12, 26, 11, 25, 10, 24, 9, 23, 8, 22, 7, 21, 6, 20, 5, 19, 4, 18, 3, 17, 2, 
17, 2, 16, 1, 15, 0, 14, 28, 13, 27, 12, 26, 11, 25, 10, 24, 9, 23, 8, 22, 7, 21, 6, 20, 5, 19, 4, 18, 3, 
18, 3, 17, 2, 16, 1, 15, 0, 14, 28, 13, 27, 12, 26, 11, 25, 10, 24, 9, 23, 8, 22, 7, 21, 6, 20, 5, 19, 4, 
19, 4, 18, 3, 17, 2, 16, 1, 15, 0, 14, 28, 13, 27, 12, 26, 11, 25, 10, 24, 9, 23, 8, 22, 7, 21, 6, 20, 5, 
20, 5, 19, 4, 18, 3, 17, 2, 16, 1, 15, 0, 14, 28, 13, 27, 12, 26, 11, 25, 10, 24, 9, 23, 8, 22, 7, 21, 6, 
21, 6, 20, 5, 19, 4, 18, 3, 17, 2, 16, 1, 15, 0, 14, 28, 13, 27, 12, 26, 11, 25, 10, 24, 9, 23, 8, 22, 7, 
22, 7, 21, 6, 20, 5, 19, 4, 18, 3, 17, 2, 16, 1, 15, 0, 14, 28, 13, 27, 12, 26, 11, 25, 10, 24, 9, 23, 8, 
23, 8, 22, 7, 21, 6, 20, 5, 19, 4, 18, 3, 17, 2, 16, 1, 15, 0, 14, 28, 13, 27, 12, 26, 11, 25, 10, 24, 9, 
24, 9, 23, 8, 22, 7, 21, 6, 20, 5, 19, 4, 18, 3, 17, 2, 16, 1, 15, 0, 14, 28, 13, 27, 12, 26, 11, 25, 10, 
25, 10, 24, 9, 23, 8, 22, 7, 21, 6, 20, 5, 19, 4, 18, 3, 17, 2, 16, 1, 15, 0, 14, 28, 13, 27, 12, 26, 11, 
26, 11, 25, 10, 24, 9, 23, 8, 22, 7, 21, 6, 20, 5, 19, 4, 18, 3, 17, 2, 16, 1, 15, 0, 14, 28, 13, 27, 12, 
27, 12, 26, 11, 25, 10, 24, 9, 23, 8, 22, 7, 21, 6, 20, 5, 19, 4, 18, 3, 17, 2, 16, 1, 15, 0, 14, 28, 13, 
28, 13, 27, 12, 26, 11, 25, 10, 24, 9, 23, 8, 22, 7, 21, 6, 20, 5, 19, 4, 18, 3, 17, 2, 16, 1, 15, 0, 14, 

Latin Square 14:
0, 15, 1, 16, 2, 17, 3, 18, 4, 19, 5, 20, 6, 21, 7, 22, 8, 23, 9, 24, 10, 25, 11, 26, 12, 27, 13, 28, 14, 
1, 16, 2, 17, 3, 18, 4, 19, 5, 20, 6, 21, 7, 22, 8, 23, 9, 24, 10, 25, 11, 26, 12, 27, 13, 28, 14, 0, 15, 
2, 17, 3, 18, 4, 19, 5, 20, 6, 21, 7, 22, 8, 23, 9, 24, 10, 25, 11, 26, 12, 27, 13, 28, 14, 0, 15, 1, 16, 
3, 18, 4, 19, 5, 20, 6, 21, 7, 22, 8, 23, 9, 24, 10, 25, 11, 26, 12, 27, 13, 28, 14, 0, 15, 1, 16, 2, 17, 
4, 19, 5, 20, 6, 21, 7, 22, 8, 23, 9, 24, 10, 25, 11, 26, 12, 27, 13, 28, 14, 0, 15, 1, 16, 2, 17, 3, 18, 
5, 20, 6, 21, 7, 22, 8, 23, 9, 24, 10, 25, 11, 26, 12, 27, 13, 28, 14, 0, 15, 1, 16, 2, 17, 3, 18, 4, 19, 
6, 21, 7, 22, 8, 23, 9, 24, 10, 25, 11, 26, 12, 27, 13, 28, 14, 0, 15, 1, 16, 2, 17, 3, 18, 4, 19, 5, 20, 
7, 22, 8, 23, 9, 24, 10, 25, 11, 26, 12, 27, 13, 28, 14, 0, 15, 1, 16, 2, 17, 3, 18, 4, 19, 5, 20, 6, 21, 
8, 23, 9, 24, 10, 25, 11, 26, 12, 27, 13, 28, 14, 0, 15, 1, 16, 2, 17, 3, 18, 4, 19, 5, 20, 6, 21, 7, 22, 
9, 24, 10, 25, 11, 26, 12, 27, 13, 28, 14, 0, 15, 1, 16, 2, 17, 3, 18, 4, 19, 5, 20, 6, 21, 7, 22, 8, 23, 
10, 25, 11, 26, 12, 27, 13, 28, 14, 0, 15, 1, 16, 2, 17, 3, 18, 4, 19, 5, 20, 6, 21, 7, 22, 8, 23, 9, 24, 
11, 26, 12, 27, 13, 28, 14, 0, 15, 1, 16, 2, 17, 3, 18, 4, 19, 5, 20, 6, 21, 7, 22, 8, 23, 9, 24, 10, 25, 
12, 27, 13, 28, 14, 0, 15, 1, 16, 2, 17, 3, 18, 4, 19, 5, 20, 6, 21, 7, 22, 8, 23, 9, 24, 10, 25, 11, 26, 
13, 28, 14, 0, 15, 1, 16, 2, 17, 3, 18, 4, 19, 5, 20, 6, 21, 7, 22, 8, 23, 9, 24, 10, 25, 11, 26, 12, 27, 
14, 0, 15, 1, 16, 2, 17, 3, 18, 4, 19, 5, 20, 6, 21, 7, 22, 8, 23, 9, 24, 10, 25, 11, 26, 12, 27, 13, 28, 
15, 1, 16, 2, 17, 3, 18, 4, 19, 5, 20, 6, 21, 7, 22, 8, 23, 9, 24, 10, 25, 11, 26, 12, 27, 13, 28, 14, 0, 
16, 2, 17, 3, 18, 4, 19, 5, 20, 6, 21, 7, 22, 8, 23, 9, 24, 10, 25, 11, 26, 12, 27, 13, 28, 14, 0, 15, 1, 
17, 3, 18, 4, 19, 5, 20, 6, 21, 7, 22, 8, 23, 9, 24, 10, 25, 11, 26, 12, 27, 13, 28, 14, 0, 15, 1, 16, 2, 
18, 4, 19, 5, 20, 6, 21, 7, 22, 8, 23, 9, 24, 10, 25, 11, 26, 12, 27, 13, 28, 14, 0, 15, 1, 16, 2, 17, 3, 
19, 5, 20, 6, 21, 7, 22, 8, 23, 9, 24, 10, 25, 11, 26, 12, 27, 13, 28, 14, 0, 15, 1, 16, 2, 17, 3, 18, 4, 
20, 6, 21, 7, 22, 8, 23, 9, 24, 10, 25, 11, 26, 12, 27, 13, 28, 14, 0, 15, 1, 16, 2, 17, 3, 18, 4, 19, 5, 
21, 7, 22, 8, 23, 9, 24, 10, 25, 11, 26, 12, 27, 13, 28, 14, 0, 15, 1, 16, 2, 17, 3, 18, 4, 19, 5, 20, 6, 
22, 8, 23, 9, 24, 10, 25, 11, 26, 12, 27, 13, 28, 14, 0, 15, 1, 16, 2, 17, 3, 18, 4, 19, 5, 20, 6, 21, 7, 
23, 9, 24, 10, 25, 11, 26, 12, 27, 13, 28, 14, 0, 15, 1, 16, 2, 17, 3, 18, 4, 19, 5, 20, 6, 21, 7, 22, 8, 
24, 10, 25, 11, 26, 12, 27, 13, 28, 14, 0, 15, 1, 16, 2, 17, 3, 18, 4, 19, 5, 20, 6, 21, 7, 22, 8, 23, 9, 
25, 11, 26, 12, 27, 13, 28, 14, 0, 15, 1, 16, 2, 17, 3, 18, 4, 19, 5, 20, 6, 21, 7, 22, 8, 23, 9, 24, 10, 
26, 12, 27, 13, 28, 14, 0, 15, 1, 16, 2, 17, 3, 18, 4, 19, 5, 20, 6, 21, 7, 22, 8, 23, 9, 24, 10, 25, 11, 
27, 13, 28, 14, 0, 15, 1, 16, 2, 17, 3, 18, 4, 19, 5, 20, 6, 21, 7, 22, 8, 23, 9, 24, 10, 25, 11, 26, 12, 
28, 14, 0, 15, 1, 16, 2, 17, 3, 18, 4, 19, 5, 20, 6, 21, 7, 22, 8, 23, 9, 24, 10, 25, 11, 26, 12, 27, 13, 

Latin Square 15:
0, 16, 3, 19, 6, 22, 9, 25, 12, 28, 15, 2, 18, 5, 21, 8, 24, 11, 27, 14, 1, 17, 4, 20, 7, 23, 10, 26, 13, 
1, 17, 4, 20, 7, 23, 10, 26, 13, 0, 16, 3, 19, 6, 22, 9, 25, 12, 28, 15, 2, 18, 5, 21, 8, 24, 11, 27, 14, 
2, 18, 5, 21, 8, 24, 11, 27, 14, 1, 17, 4, 20, 7, 23, 10, 26, 13, 0, 16, 3, 19, 6, 22, 9, 25, 12, 28, 15, 
3, 19, 6, 22, 9, 25, 12, 28, 15, 2, 18, 5, 21, 8, 24, 11, 27, 14, 1, 17, 4, 20, 7, 23, 10, 26, 13, 0, 16, 
4, 20, 7, 23, 10, 26, 13, 0, 16, 3, 19, 6, 22, 9, 25, 12, 28, 15, 2, 18, 5, 21, 8, 24, 11, 27, 14, 1, 17, 
5, 21, 8, 24, 11, 27, 14, 1, 17, 4, 20, 7, 23, 10, 26, 13, 0, 16, 3, 19, 6, 22, 9, 25, 12, 28, 15, 2, 18, 
6, 22, 9, 25, 12, 28, 15, 2, 18, 5, 21, 8, 24, 11, 27, 14, 1, 17, 4, 20, 7, 23, 10, 26, 13, 0, 16, 3, 19, 
7, 23, 10, 26, 13, 0, 16, 3, 19, 6, 22, 9, 25, 12, 28, 15, 2, 18, 5, 21, 8, 24, 11, 27, 14, 1, 17, 4, 20, 
8, 24, 11, 27, 14, 1, 17, 4, 20, 7, 23, 10, 26, 13, 0, 16, 3, 19, 6, 22, 9, 25, 12, 28, 15, 2, 18, 5, 21, 
9, 25, 12, 28, 15, 2, 18, 5, 21, 8, 24, 11, 27, 14, 1, 17, 4, 20, 7, 23, 10, 26, 13, 0, 16, 3, 19, 6, 22, 
10, 26, 13, 0, 16, 3, 19, 6, 22, 9, 25, 12, 28, 15, 2, 18, 5, 21, 8, 24, 11, 27, 14, 1, 17, 4, 20, 7, 23, 
11, 27, 14, 1, 17, 4, 20, 7, 23, 10, 26, 13, 0, 16, 3, 19, 6, 22, 9, 25, 12, 28, 15, 2, 18, 5, 21, 8, 24, 
12, 28, 15, 2, 18, 5, 21, 8, 24, 11, 27, 14, 1, 17, 4, 20, 7, 23, 10, 26, 13, 0, 16, 3, 19, 6, 22, 9, 25, 
13, 0, 16, 3, 19, 6, 22, 9, 25, 12, 28, 15, 2, 18, 5, 21, 8, 24, 11, 27, 14, 1, 17, 4, 20, 7, 23, 10, 26, 
14, 1, 17, 4, 20, 7, 23, 10, 26, 13, 0, 16, 3, 19, 6, 22, 9, 25, 12, 28, 15, 2, 18, 5, 21, 8, 24, 11, 27, 
15, 2, 18, 5, 21, 8, 24, 11, 27, 14, 1, 17, 4, 20, 7, 23, 10, 26, 13, 0, 16, 3, 19, 6, 22, 9, 25, 12, 28, 
16, 3, 19, 6, 22, 9, 25, 12, 28, 15, 2, 18, 5, 21, 8, 24, 11, 27, 14, 1, 17, 4, 20, 7, 23, 10, 26, 13, 0, 
17, 4, 20, 7, 23, 10, 26, 13, 0, 16, 3, 19, 6, 22, 9, 25, 12, 28, 15, 2, 18, 5, 21, 8, 24, 11, 27, 14, 1, 
18, 5, 21, 8, 24, 11, 27, 14, 1, 17, 4, 20, 7, 23, 10, 26, 13, 0, 16, 3, 19, 6, 22, 9, 25, 12, 28, 15, 2, 
19, 6, 22, 9, 25, 12, 28, 15, 2, 18, 5, 21, 8, 24, 11, 27, 14, 1, 17, 4, 20, 7, 23, 10, 26, 13, 0, 16, 3, 
20, 7, 23, 10, 26, 13, 0, 16, 3, 19, 6, 22, 9, 25, 12, 28, 15, 2, 18, 5, 21, 8, 24, 11, 27, 14, 1, 17, 4, 
21, 8, 24, 11, 27, 14, 1, 17, 4, 20, 7, 23, 10, 26, 13, 0, 16, 3, 19, 6, 22, 9, 25, 12, 28, 15, 2, 18, 5, 
22, 9, 25, 12, 28, 15, 2, 18, 5, 21, 8, 24, 11, 27, 14, 1, 17, 4, 20, 7, 23, 10, 26, 13, 0, 16, 3, 19, 6, 
23, 10, 26, 13, 0, 16, 3, 19, 6, 22, 9, 25, 12, 28, 15, 2, 18, 5, 21, 8, 24, 11, 27, 14, 1, 17, 4, 20, 7, 
24, 11, 27, 14, 1, 17, 4, 20, 7, 23, 10, 26, 13, 0, 16, 3, 19, 6, 22, 9, 25, 12, 28, 15, 2, 18, 5, 21, 8, 
25, 12, 28, 15, 2, 18, 5, 21, 8, 24, 11, 27, 14, 1, 17, 4, 20, 7, 23, 10, 26, 13, 0, 16, 3, 19, 6, 22, 9, 
26, 13, 0, 16, 3, 19, 6, 22, 9, 25, 12, 28, 15, 2, 18, 5, 21, 8, 24, 11, 27, 14, 1, 17, 4, 20, 7, 23, 10, 
27, 14, 1, 17, 4, 20, 7, 23, 10, 26, 13, 0, 16, 3, 19, 6, 22, 9, 25, 12, 28, 15, 2, 18, 5, 21, 8, 24, 11, 
28, 15, 2, 18, 5, 21, 8, 24, 11, 27, 14, 1, 17, 4, 20, 7, 23, 10, 26, 13, 0, 16, 3, 19, 6, 22, 9, 25, 12, 

Latin Square 16:
0, 17, 5, 22, 10, 27, 15, 3, 20, 8, 25, 13, 1, 18, 6, 23, 11, 28, 16, 4, 21, 9, 26, 14, 2, 19, 7, 24, 12, 
1, 18, 6, 23, 11, 28, 16, 4, 21, 9, 26, 14, 2, 19, 7, 24, 12, 0, 17, 5, 22, 10, 27, 15, 3, 20, 8, 25, 13, 
2, 19, 7, 24, 12, 0, 17, 5, 22, 10, 27, 15, 3, 20, 8, 25, 13, 1, 18, 6, 23, 11, 28, 16, 4, 21, 9, 26, 14, 
3, 20, 8, 25, 13, 1, 18, 6, 23, 11, 28, 16, 4, 21, 9, 26, 14, 2, 19, 7, 24, 12, 0, 17, 5, 22, 10, 27, 15, 
4, 21, 9, 26, 14, 2, 19, 7, 24, 12, 0, 17, 5, 22, 10, 27, 15, 3, 20, 8, 25, 13, 1, 18, 6, 23, 11, 28, 16, 
5, 22, 10, 27, 15, 3, 20, 8, 25, 13, 1, 18, 6, 23, 11, 28, 16, 4, 21, 9, 26, 14, 2, 19, 7, 24, 12, 0, 17, 
6, 23, 11, 28, 16, 4, 21, 9, 26, 14, 2, 19, 7, 24, 12, 0, 17, 5, 22, 10, 27, 15, 3, 20, 8, 25, 13, 1, 18, 
7, 24, 12, 0, 17, 5, 22, 10, 27, 15, 3, 20, 8, 25, 13, 1, 18, 6, 23, 11, 28, 16, 4, 21, 9, 26, 14, 2, 19, 
8, 25, 13, 1, 18, 6, 23, 11, 28, 16, 4, 21, 9, 26, 14, 2, 19, 7, 24, 12, 0, 17, 5, 22, 10, 27, 15, 3, 20, 
9, 26, 14, 2, 19, 7, 24, 12, 0, 17, 5, 22, 10, 27, 15, 3, 20, 8, 25, 13, 1, 18, 6, 23, 11, 28, 16, 4, 21, 
10, 27, 15, 3, 20, 8, 25, 13, 1, 18, 6, 23, 11, 28, 16, 4, 21, 9, 26, 14, 2, 19, 7, 24, 12, 0, 17, 5, 22, 
11, 28, 16, 4, 21, 9, 26, 14, 2, 19, 7, 24, 12, 0, 17, 5, 22, 10, 27, 15, 3, 20, 8, 25, 13, 1, 18, 6, 23, 
12, 0, 17, 5, 22, 10, 27, 15, 3, 20, 8, 25, 13, 1, 18, 6, 23, 11, 28, 16, 4, 21, 9, 26, 14, 2, 19, 7, 24, 
13, 1, 18, 6, 23, 11, 28, 16, 4, 21, 9, 26, 14, 2, 19, 7, 24, 12, 0, 17, 5, 22, 10, 27, 15, 3, 20, 8, 25, 
14, 2, 19, 7, 24, 12, 0, 17, 5, 22, 10, 27, 15, 3, 20, 8, 25, 13, 1, 18, 6, 23, 11, 28, 16, 4, 21, 9, 26, 
15, 3, 20, 8, 25, 13, 1, 18, 6, 23, 11, 28, 16, 4, 21, 9, 26, 14, 2, 19, 7, 24, 12, 0, 17, 5, 22, 10, 27, 
16, 4, 21, 9, 26, 14, 2, 19, 7, 24, 12, 0, 17, 5, 22, 10, 27, 15, 3, 20, 8, 25, 13, 1, 18, 6, 23, 11, 28, 
17, 5, 22, 10, 27, 15, 3, 20, 8, 25, 13, 1, 18, 6, 23, 11, 28, 16, 4, 21, 9, 26, 14, 2, 19, 7, 24, 12, 0, 
18, 6, 23, 11, 28, 16, 4, 21, 9, 26, 14, 2, 19, 7, 24, 12, 0, 17, 5, 22, 10, 27, 15, 3, 20, 8, 25, 13, 1, 
19, 7, 24, 12, 0, 17, 5, 22, 10, 27, 15, 3, 20, 8, 25, 13, 1, 18, 6, 23, 11, 28, 16, 4, 21, 9, 26, 14, 2, 
20, 8, 25, 13, 1, 18, 6, 23, 11, 28, 16, 4, 21, 9, 26, 14, 2, 19, 7, 24, 12, 0, 17, 5, 22, 10, 27, 15, 3, 
21, 9, 26, 14, 2, 19, 7, 24, 12, 0, 17, 5, 22, 10, 27, 15, 3, 20, 8, 25, 13, 1, 18, 6, 23, 11, 28, 16, 4, 
22, 10, 27, 15, 3, 20, 8, 25, 13, 1, 18, 6, 23, 11, 28, 16, 4, 21, 9, 26, 14, 2, 19, 7, 24, 12, 0, 17, 5, 
23, 11, 28, 16, 4, 21, 9, 26, 14, 2, 19, 7, 24, 12, 0, 17, 5, 22, 10, 27, 15, 3, 20, 8, 25, 13, 1, 18, 6, 
24, 12, 0, 17, 5, 22, 10, 27, 15, 3, 20, 8, 25, 13, 1, 18, 6, 23, 11, 28, 16, 4, 21, 9, 26, 14, 2, 19, 7, 
25, 13, 1, 18, 6, 23, 11, 28, 16, 4, 21, 9, 26, 14, 2, 19, 7, 24, 12, 0, 17, 5, 22, 10, 27, 15, 3, 20, 8, 
26, 14, 2, 19, 7, 24, 12, 0, 17, 5, 22, 10, 27, 15, 3, 20, 8, 25, 13, 1, 18, 6, 23, 11, 28, 16, 4, 21, 9, 
27, 15, 3, 20, 8, 25, 13, 1, 18, 6, 23, 11, 28, 16, 4, 21, 9, 26, 14, 2, 19, 7, 24, 12, 0, 17, 5, 22, 10, 
28, 16, 4, 21, 9, 26, 14, 2, 19, 7, 24, 12, 0, 17, 5, 22, 10, 27, 15, 3, 20, 8, 25, 13, 1, 18, 6, 23, 11, 

Latin Square 17:
0, 18, 7, 25, 14, 3, 21, 10, 28, 17, 6, 24, 13, 2, 20, 9, 27, 16, 5, 23, 12, 1, 19, 8, 26, 15, 4, 22, 11, 
1, 19, 8, 26, 15, 4, 22, 11, 0, 18, 7, 25, 14, 3, 21, 10, 28, 17, 6, 24, 13, 2, 20, 9, 27, 16, 5, 23, 12, 
2, 20, 9, 27, 16, 5, 23, 12, 1, 19, 8, 26, 15, 4, 22, 11, 0, 18, 7, 25, 14, 3, 21, 10, 28, 17, 6, 24, 13, 
3, 21, 10, 28, 17, 6, 24, 13, 2, 20, 9, 27, 16, 5, 23, 12, 1, 19, 8, 26, 15, 4, 22, 11, 0, 18, 7, 25, 14, 
4, 22, 11, 0, 18, 7, 25, 14, 3, 21, 10, 28, 17, 6, 24, 13, 2, 20, 9, 27, 16, 5, 23, 12, 1, 19, 8, 26, 15, 
5, 23, 12, 1, 19, 8, 26, 15, 4, 22, 11, 0, 18, 7, 25, 14, 3, 21, 10, 28, 17, 6, 24, 13, 2, 20, 9, 27, 16, 
6, 24, 13, 2, 20, 9, 27, 16, 5, 23, 12, 1, 19, 8, 26, 15, 4, 22, 11, 0, 18, 7, 25, 14, 3, 21, 10, 28, 17, 
7, 25, 14, 3, 21, 10, 28, 17, 6, 24, 13, 2, 20, 9, 27, 16, 5, 23, 12, 1, 19, 8, 26, 15, 4, 22, 11, 0, 18, 
8, 26, 15, 4, 22, 11, 0, 18, 7, 25, 14, 3, 21, 10, 28, 17, 6, 24, 13, 2, 20, 9, 27, 16, 5, 23, 12, 1, 19, 
9, 27, 16, 5, 23, 12, 1, 19, 8, 26, 15, 4, 22, 11, 0, 18, 7, 25, 14, 3, 21, 10, 28, 17, 6, 24, 13, 2, 20, 
10, 28, 17, 6, 24, 13, 2, 20, 9, 27, 16, 5, 23, 12, 1, 19, 8, 26, 15, 4, 22, 11, 0, 18, 7, 25, 14, 3, 21, 
11, 0, 18, 7, 25, 14, 3, 21, 10, 28, 17, 6, 24, 13, 2, 20, 9, 27, 16, 5, 23, 12, 1, 19, 8, 26, 15, 4, 22, 
12, 1, 19, 8, 26, 15, 4, 22, 11, 0, 18, 7, 25, 14, 3, 21, 10, 28, 17, 6, 24, 13, 2, 20, 9, 27, 16, 5, 23, 
13, 2, 20, 9, 27, 16, 5, 23, 12, 1, 19, 8, 26, 15, 4, 22, 11, 0, 18, 7, 25, 14, 3, 21, 10, 28, 17, 6, 24, 
14, 3, 21, 10, 28, 17, 6, 24, 13, 2, 20, 9, 27, 16, 5, 23, 12, 1, 19, 8, 26, 15, 4, 22, 11, 0, 18, 7, 25, 
15, 4, 22, 11, 0, 18, 7, 25, 14, 3, 21, 10, 28, 17, 6, 24, 13, 2, 20, 9, 27, 16, 5, 23, 12, 1, 19, 8, 26, 
16, 5, 23, 12, 1, 19, 8, 26, 15, 4, 22, 11, 0, 18, 7, 25, 14, 3, 21, 10, 28, 17, 6, 24, 13, 2, 20, 9, 27, 
17, 6, 24, 13, 2, 20, 9, 27, 16, 5, 23, 12, 1, 19, 8, 26, 15, 4, 22, 11, 0, 18, 7, 25, 14, 3, 21, 10, 28, 
18, 7, 25, 14, 3, 21, 10, 28, 17, 6, 24, 13, 2, 20, 9, 27, 16, 5, 23, 12, 1, 19, 8, 26, 15, 4, 22, 11, 0, 
19, 8, 26, 15, 4, 22, 11, 0, 18, 7, 25, 14, 3, 21, 10, 28, 17, 6, 24, 13, 2, 20, 9, 27, 16, 5, 23, 12, 1, 
20, 9, 27, 16, 5, 23, 12, 1, 19, 8, 26, 15, 4, 22, 11, 0, 18, 7, 25, 14, 3, 21, 10, 28, 17, 6, 24, 13, 2, 
21, 10, 28, 17, 6, 24, 13, 2, 20, 9, 27, 16, 5, 23, 12, 1, 19, 8, 26, 15, 4, 22, 11, 0, 18, 7, 25, 14, 3, 
22, 11, 0, 18, 7, 25, 14, 3, 21, 10, 28, 17, 6, 24, 13, 2, 20, 9, 27, 16, 5, 23, 12, 1, 19, 8, 26, 15, 4, 
23, 12, 1, 19, 8, 26, 15, 4, 22, 11, 0, 18, 7, 25, 14, 3, 21, 10, 28, 17, 6, 24, 13, 2, 20, 9, 27, 16, 5, 
24, 13, 2, 20, 9, 27, 16, 5, 23, 12, 1, 19, 8, 26, 15, 4, 22, 11, 0, 18, 7, 25, 14, 3, 21, 10, 28, 17, 6, 
25, 14, 3, 21, 10, 28, 17, 6, 24, 13, 2, 20, 9, 27, 16, 5, 23, 12, 1, 19, 8, 26, 15, 4, 22, 11, 0, 18, 7, 
26, 15, 4, 22, 11, 0, 18, 7, 25, 14, 3, 21, 10, 28, 17, 6, 24, 13, 2, 20, 9, 27, 16, 5, 23, 12, 1, 19, 8, 
27, 16, 5, 23, 12, 1, 19, 8, 26, 15, 4, 22, 11, 0, 18, 7, 25, 14, 3, 21, 10, 28, 17, 6, 24, 13, 2, 20, 9, 
28, 17, 6, 24, 13, 2, 20, 9, 27, 16, 5, 23, 12, 1, 19, 8, 26, 15, 4, 22, 11, 0, 18, 7, 25, 14, 3, 21, 10, 

Latin Square 18:
0, 19, 9, 28, 18, 8, 27, 17, 7, 26, 16, 6, 25, 15, 5, 24, 14, 4, 23, 13, 3, 22, 12, 2, 21, 11, 1, 20, 10, 
1, 20, 10, 0, 19, 9, 28, 18, 8, 27, 17, 7, 26, 16, 6, 25, 15, 5, 24, 14, 4, 23, 13, 3, 22, 12, 2, 21, 11, 
2, 21, 11, 1, 20, 10, 0, 19, 9, 28, 18, 8, 27, 17, 7, 26, 16, 6, 25, 15, 5, 24, 14, 4, 23, 13, 3, 22, 12, 
3, 22, 12, 2, 21, 11, 1, 20, 10, 0, 19, 9, 28, 18, 8, 27, 17, 7, 26, 16, 6, 25, 15, 5, 24, 14, 4, 23, 13, 
4, 23, 13, 3, 22, 12, 2, 21, 11, 1, 20, 10, 0, 19, 9, 28, 18, 8, 27, 17, 7, 26, 16, 6, 25, 15, 5, 24, 14, 
5, 24, 14, 4, 23, 13, 3, 22, 12, 2, 21, 11, 1, 20, 10, 0, 19, 9, 28, 18, 8, 27, 17, 7, 26, 16, 6, 25, 15, 
6, 25, 15, 5, 24, 14, 4, 23, 13, 3, 22, 12, 2, 21, 11, 1, 20, 10, 0, 19, 9, 28, 18, 8, 27, 17, 7, 26, 16, 
7, 26, 16, 6, 25, 15, 5, 24, 14, 4, 23, 13, 3, 22, 12, 2, 21, 11, 1, 20, 10, 0, 19, 9, 28, 18, 8, 27, 17, 
8, 27, 17, 7, 26, 16, 6, 25, 15, 5, 24, 14, 4, 23, 13, 3, 22, 12, 2, 21, 11, 1, 20, 10, 0, 19, 9, 28, 18, 
9, 28, 18, 8, 27, 17, 7, 26, 16, 6, 25, 15, 5, 24, 14, 4, 23, 13, 3, 22, 12, 2, 21, 11, 1, 20, 10, 0, 19, 
10, 0, 19, 9, 28, 18, 8, 27, 17, 7, 26, 16, 6, 25, 15, 5, 24, 14, 4, 23, 13, 3, 22, 12, 2, 21, 11, 1, 20, 
11, 1, 20, 10, 0, 19, 9, 28, 18, 8, 27, 17, 7, 26, 16, 6, 25, 15, 5, 24, 14, 4, 23, 13, 3, 22, 12, 2, 21, 
12, 2, 21, 11, 1, 20, 10, 0, 19, 9, 28, 18, 8, 27, 17, 7, 26, 16, 6, 25, 15, 5, 24, 14, 4, 23, 13, 3, 22, 
13, 3, 22, 12, 2, 21, 11, 1, 20, 10, 0, 19, 9, 28, 18, 8, 27, 17, 7, 26, 16, 6, 25, 15, 5, 24, 14, 4, 23, 
14, 4, 23, 13, 3, 22, 12, 2, 21, 11, 1, 20, 10, 0, 19, 9, 28, 18, 8, 27, 17, 7, 26, 16, 6, 25, 15, 5, 24, 
15, 5, 24, 14, 4, 23, 13, 3, 22, 12, 2, 21, 11, 1, 20, 10, 0, 19, 9, 28, 18, 8, 27, 17, 7, 26, 16, 6, 25, 
16, 6, 25, 15, 5, 24, 14, 4, 23, 13, 3, 22, 12, 2, 21, 11, 1, 20, 10, 0, 19, 9, 28, 18, 8, 27, 17, 7, 26, 
17, 7, 26, 16, 6, 25, 15, 5, 24, 14, 4, 23, 13, 3, 22, 12, 2, 21, 11, 1, 20, 10, 0, 19, 9, 28, 18, 8, 27, 
18, 8, 27, 17, 7, 26, 16, 6, 25, 15, 5, 24, 14, 4, 23, 13, 3, 22, 12, 2, 21, 11, 1, 20, 10, 0, 19, 9, 28, 
19, 9, 28, 18, 8, 27, 17, 7, 26, 16, 6, 25, 15, 5, 24, 14, 4, 23, 13, 3, 22, 12, 2, 21, 11, 1, 20, 10, 0, 
20, 10, 0, 19, 9, 28, 18, 8, 27, 17, 7, 26, 16, 6, 25, 15, 5, 24, 14, 4, 23, 13, 3, 22, 12, 2, 21, 11, 1, 
21, 11, 1, 20, 10, 0, 19, 9, 28, 18, 8, 27, 17, 7, 26, 16, 6, 25, 15, 5, 24, 14, 4, 23, 13, 3, 22, 12, 2, 
22, 12, 2, 21, 11, 1, 20, 10, 0, 19, 9, 28, 18, 8, 27, 17, 7, 26, 16, 6, 25, 15, 5, 24, 14, 4, 23, 13, 3, 
23, 13, 3, 22, 12, 2, 21, 11, 1, 20, 10, 0, 19, 9, 28, 18, 8, 27, 17, 7, 26, 16, 6, 25, 15, 5, 24, 14, 4, 
24, 14, 4, 23, 13, 3, 22, 12, 2, 21, 11, 1, 20, 10, 0, 19, 9, 28, 18, 8, 27, 17, 7, 26, 16, 6, 25, 15, 5, 
25, 15, 5, 24, 14, 4, 23, 13, 3, 22, 12, 2, 21, 11, 1, 20, 10, 0, 19, 9, 28, 18, 8, 27, 17, 7, 26, 16, 6, 
26, 16, 6, 25, 15, 5, 24, 14, 4, 23, 13, 3, 22, 12, 2, 21, 11, 1, 20, 10, 0, 19, 9, 28, 18, 8, 27, 17, 7, 
27, 17, 7, 26, 16, 6, 25, 15, 5, 24, 14, 4, 23, 13, 3, 22, 12, 2, 21, 11, 1, 20, 10, 0, 19, 9, 28, 18, 8, 
28, 18, 8, 27, 17, 7, 26, 16, 6, 25, 15, 5, 24, 14, 4, 23, 13, 3, 22, 12, 2, 21, 11, 1, 20, 10, 0, 19, 9, 

Latin Square 19:
0, 20, 11, 2, 22, 13, 4, 24, 15, 6, 26, 17, 8, 28, 19, 10, 1, 21, 12, 3, 23, 14, 5, 25, 16, 7, 27, 18, 9, 
1, 21, 12, 3, 23, 14, 5, 25, 16, 7, 27, 18, 9, 0, 20, 11, 2, 22, 13, 4, 24, 15, 6, 26, 17, 8, 28, 19, 10, 
2, 22, 13, 4, 24, 15, 6, 26, 17, 8, 28, 19, 10, 1, 21, 12, 3, 23, 14, 5, 25, 16, 7, 27, 18, 9, 0, 20, 11, 
3, 23, 14, 5, 25, 16, 7, 27, 18, 9, 0, 20, 11, 2, 22, 13, 4, 24, 15, 6, 26, 17, 8, 28, 19, 10, 1, 21, 12, 
4, 24, 15, 6, 26, 17, 8, 28, 19, 10, 1, 21, 12, 3, 23, 14, 5, 25, 16, 7, 27, 18, 9, 0, 20, 11, 2, 22, 13, 
5, 25, 16, 7, 27, 18, 9, 0, 20, 11, 2, 22, 13, 4, 24, 15, 6, 26, 17, 8, 28, 19, 10, 1, 21, 12, 3, 23, 14, 
6, 26, 17, 8, 28, 19, 10, 1, 21, 12, 3, 23, 14, 5, 25, 16, 7, 27, 18, 9, 0, 20, 11, 2, 22, 13, 4, 24, 15, 
7, 27, 18, 9, 0, 20, 11, 2, 22, 13, 4, 24, 15, 6, 26, 17, 8, 28, 19, 10, 1, 21, 12, 3, 23, 14, 5, 25, 16, 
8, 28, 19, 10, 1, 21, 12, 3, 23, 14, 5, 25, 16, 7, 27, 18, 9, 0, 20, 11, 2, 22, 13, 4, 24, 15, 6, 26, 17, 
9, 0, 20, 11, 2, 22, 13, 4, 24, 15, 6, 26, 17, 8, 28, 19, 10, 1, 21, 12, 3, 23, 14, 5, 25, 16, 7, 27, 18, 
10, 1, 21, 12, 3, 23, 14, 5, 25, 16, 7, 27, 18, 9, 0, 20, 11, 2, 22, 13, 4, 24, 15, 6, 26, 17, 8, 28, 19, 
11, 2, 22, 13, 4, 24, 15, 6, 26, 17, 8, 28, 19, 10, 1, 21, 12, 3, 23, 14, 5, 25, 16, 7, 27, 18, 9, 0, 20, 
12, 3, 23, 14, 5, 25, 16, 7, 27, 18, 9, 0, 20, 11, 2, 22, 13, 4, 24, 15, 6, 26, 17, 8, 28, 19, 10, 1, 21, 
13, 4, 24, 15, 6, 26, 17, 8, 28, 19, 10, 1, 21, 12, 3, 23, 14, 5, 25, 16, 7, 27, 18, 9, 0, 20, 11, 2, 22, 
14, 5, 25, 16, 7, 27, 18, 9, 0, 20, 11, 2, 22, 13, 4, 24, 15, 6, 26, 17, 8, 28, 19, 10, 1, 21, 12, 3, 23, 
15, 6, 26, 17, 8, 28, 19, 10, 1, 21, 12, 3, 23, 14, 5, 25, 16, 7, 27, 18, 9, 0, 20, 11, 2, 22, 13, 4, 24, 
16, 7, 27, 18, 9, 0, 20, 11, 2, 22, 13, 4, 24, 15, 6, 26, 17, 8, 28, 19, 10, 1, 21, 12, 3, 23, 14, 5, 25, 
17, 8, 28, 19, 10, 1, 21, 12, 3, 23, 14, 5, 25, 16, 7, 27, 18, 9, 0, 20, 11, 2, 22, 13, 4, 24, 15, 6, 26, 
18, 9, 0, 20, 11, 2, 22, 13, 4, 24, 15, 6, 26, 17, 8, 28, 19, 10, 1, 21, 12, 3, 23, 14, 5, 25, 16, 7, 27, 
19, 10, 1, 21, 12, 3, 23, 14, 5, 25, 16, 7, 27, 18, 9, 0, 20, 11, 2, 22, 13, 4, 24, 15, 6, 26, 17, 8, 28, 
20, 11, 2, 22, 13, 4, 24, 15, 6, 26, 17, 8, 28, 19, 10, 1, 21, 12, 3, 23, 14, 5, 25, 16, 7, 27, 18, 9, 0, 
21, 12, 3, 23, 14, 5, 25, 16, 7, 27, 18, 9, 0, 20, 11, 2, 22, 13, 4, 24, 15, 6, 26, 17, 8, 28, 19, 10, 1, 
22, 13, 4, 24, 15, 6, 26, 17, 8, 28, 19, 10, 1, 21, 12, 3, 23, 14, 5, 25, 16, 7, 27, 18, 9, 0, 20, 11, 2, 
23, 14, 5, 25, 16, 7, 27, 18, 9, 0, 20, 11, 2, 22, 13, 4, 24, 15, 6, 26, 17, 8, 28, 19, 10, 1, 21, 12, 3, 
24, 15, 6, 26, 17, 8, 28, 19, 10, 1, 21, 12, 3, 23, 14, 5, 25, 16, 7, 27, 18, 9, 0, 20, 11, 2, 22, 13, 4, 
25, 16, 7, 27, 18, 9, 0, 20, 11, 2, 22, 13, 4, 24, 15, 6, 26, 17, 8, 28, 19, 10, 1, 21, 12, 3, 23, 14, 5, 
26, 17, 8, 28, 19, 10, 1, 21, 12, 3, 23, 14, 5, 25, 16, 7, 27, 18, 9, 0, 20, 11, 2, 22, 13, 4, 24, 15, 6, 
27, 18, 9, 0, 20, 11, 2, 22, 13, 4, 24, 15, 6, 26, 17, 8, 28, 19, 10, 1, 21, 12, 3, 23, 14, 5, 25, 16, 7, 
28, 19, 10, 1, 21, 12, 3, 23, 14, 5, 25, 16, 7, 27, 18, 9, 0, 20, 11, 2, 22, 13, 4, 24, 15, 6, 26, 17, 8, 

Latin Square 20:
0, 21, 13, 5, 26, 18, 10, 2, 23, 15, 7, 28, 20, 12, 4, 25, 17, 9, 1, 22, 14, 6, 27, 19, 11, 3, 24, 16, 8, 
1, 22, 14, 6, 27, 19, 11, 3, 24, 16, 8, 0, 21, 13, 5, 26, 18, 10, 2, 23, 15, 7, 28, 20, 12, 4, 25, 17, 9, 
2, 23, 15, 7, 28, 20, 12, 4, 25, 17, 9, 1, 22, 14, 6, 27, 19, 11, 3, 24, 16, 8, 0, 21, 13, 5, 26, 18, 10, 
3, 24, 16, 8, 0, 21, 13, 5, 26, 18, 10, 2, 23, 15, 7, 28, 20, 12, 4, 25, 17, 9, 1, 22, 14, 6, 27, 19, 11, 
4, 25, 17, 9, 1, 22, 14, 6, 27, 19, 11, 3, 24, 16, 8, 0, 21, 13, 5, 26, 18, 10, 2, 23, 15, 7, 28, 20, 12, 
5, 26, 18, 10, 2, 23, 15, 7, 28, 20, 12, 4, 25, 17, 9, 1, 22, 14, 6, 27, 19, 11, 3, 24, 16, 8, 0, 21, 13, 
6, 27, 19, 11, 3, 24, 16, 8, 0, 21, 13, 5, 26, 18, 10, 2, 23, 15, 7, 28, 20, 12, 4, 25, 17, 9, 1, 22, 14, 
7, 28, 20, 12, 4, 25, 17, 9, 1, 22, 14, 6, 27, 19, 11, 3, 24, 16, 8, 0, 21, 13, 5, 26, 18, 10, 2, 23, 15, 
8, 0, 21, 13, 5, 26, 18, 10, 2, 23, 15, 7, 28, 20, 12, 4, 25, 17, 9, 1, 22, 14, 6, 27, 19, 11, 3, 24, 16, 
9, 1, 22, 14, 6, 27, 19, 11, 3, 24, 16, 8, 0, 21, 13, 5, 26, 18, 10, 2, 23, 15, 7, 28, 20, 12, 4, 25, 17, 
10, 2, 23, 15, 7, 28, 20, 12, 4, 25, 17, 9, 1, 22, 14, 6, 27, 19, 11, 3, 24, 16, 8, 0, 21, 13, 5, 26, 18, 
11, 3, 24, 16, 8, 0, 21, 13, 5, 26, 18, 10, 2, 23, 15, 7, 28, 20, 12, 4, 25, 17, 9, 1, 22, 14, 6, 27, 19, 
12, 4, 25, 17, 9, 1, 22, 14, 6, 27, 19, 11, 3, 24, 16, 8, 0, 21, 13, 5, 26, 18, 10, 2, 23, 15, 7, 28, 20, 
13, 5, 26, 18, 10, 2, 23, 15, 7, 28, 20, 12, 4, 25, 17, 9, 1, 22, 14, 6, 27, 19, 11, 3, 24, 16, 8, 0, 21, 
14, 6, 27, 19, 11, 3, 24, 16, 8, 0, 21, 13, 5, 26, 18, 10, 2, 23, 15, 7, 28, 20, 12, 4, 25, 17, 9, 1, 22, 
15, 7, 28, 20, 12, 4, 25, 17, 9, 1, 22, 14, 6, 27, 19, 11, 3, 24, 16, 8, 0, 21, 13, 5, 26, 18, 10, 2, 23, 
16, 8, 0, 21, 13, 5, 26, 18, 10, 2, 23, 15, 7, 28, 20, 12, 4, 25, 17, 9, 1, 22, 14, 6, 27, 19, 11, 3, 24, 
17, 9, 1, 22, 14, 6, 27, 19, 11, 3, 24, 16, 8, 0, 21, 13, 5, 26, 18, 10, 2, 23, 15, 7, 28, 20, 12, 4, 25, 
18, 10, 2, 23, 15, 7, 28, 20, 12, 4, 25, 17, 9, 1, 22, 14, 6, 27, 19, 11, 3, 24, 16, 8, 0, 21, 13, 5, 26, 
19, 11, 3, 24, 16, 8, 0, 21, 13, 5, 26, 18, 10, 2, 23, 15, 7, 28, 20, 12, 4, 25, 17, 9, 1, 22, 14, 6, 27, 
20, 12, 4, 25, 17, 9, 1, 22, 14, 6, 27, 19, 11, 3, 24, 16, 8, 0, 21, 13, 5, 26, 18, 10, 2, 23, 15, 7, 28, 
21, 13, 5, 26, 18, 10, 2, 23, 15, 7, 28, 20, 12, 4, 25, 17, 9, 1, 22, 14, 6, 27, 19, 11, 3, 24, 16, 8, 0, 
22, 14, 6, 27, 19, 11, 3, 24, 16, 8, 0, 21, 13, 5, 26, 18, 10, 2, 23, 15, 7, 28, 20, 12, 4, 25, 17, 9, 1, 
23, 15, 7, 28, 20, 12, 4, 25, 17, 9, 1, 22, 14, 6, 27, 19, 11, 3, 24, 16, 8, 0, 21, 13, 5, 26, 18, 10, 2, 
24, 16, 8, 0, 21, 13, 5, 26, 18, 10, 2, 23, 15, 7, 28, 20, 12, 4, 25, 17, 9, 1, 22, 14, 6, 27, 19, 11, 3, 
25, 17, 9, 1, 22, 14, 6, 27, 19, 11, 3, 24, 16, 8, 0, 21, 13, 5, 26, 18, 10, 2, 23, 15, 7, 28, 20, 12, 4, 
26, 18, 10, 2, 23, 15, 7, 28, 20, 12, 4, 25, 17, 9, 1, 22, 14, 6, 27, 19, 11, 3, 24, 16, 8, 0, 21, 13, 5, 
27, 19, 11, 3, 24, 16, 8, 0, 21, 13, 5, 26, 18, 10, 2, 23, 15, 7, 28, 20, 12, 4, 25, 17, 9, 1, 22, 14, 6, 
28, 20, 12, 4, 25, 17, 9, 1, 22, 14, 6, 27, 19, 11, 3, 24, 16, 8, 0, 21, 13, 5, 26, 18, 10, 2, 23, 15, 7, 

Latin Square 21:
0, 22, 15, 8, 1, 23, 16, 9, 2, 24, 17, 10, 3, 25, 18, 11, 4, 26, 19, 12, 5, 27, 20, 13, 6, 28, 21, 14, 7, 
1, 23, 16, 9, 2, 24, 17, 10, 3, 25, 18, 11, 4, 26, 19, 12, 5, 27, 20, 13, 6, 28, 21, 14, 7, 0, 22, 15, 8, 
2, 24, 17, 10, 3, 25, 18, 11, 4, 26, 19, 12, 5, 27, 20, 13, 6, 28, 21, 14, 7, 0, 22, 15, 8, 1, 23, 16, 9, 
3, 25, 18, 11, 4, 26, 19, 12, 5, 27, 20, 13, 6, 28, 21, 14, 7, 0, 22, 15, 8, 1, 23, 16, 9, 2, 24, 17, 10, 
4, 26, 19, 12, 5, 27, 20, 13, 6, 28, 21, 14, 7, 0, 22, 15, 8, 1, 23, 16, 9, 2, 24, 17, 10, 3, 25, 18, 11, 
5, 27, 20, 13, 6, 28, 21, 14, 7, 0, 22, 15, 8, 1, 23, 16, 9, 2, 24, 17, 10, 3, 25, 18, 11, 4, 26, 19, 12, 
6, 28, 21, 14, 7, 0, 22, 15, 8, 1, 23, 16, 9, 2, 24, 17, 10, 3, 25, 18, 11, 4, 26, 19, 12, 5, 27, 20, 13, 
7, 0, 22, 15, 8, 1, 23, 16, 9, 2, 24, 17, 10, 3, 25, 18, 11, 4, 26, 19, 12, 5, 27, 20, 13, 6, 28, 21, 14, 
8, 1, 23, 16, 9, 2, 24, 17, 10, 3, 25, 18, 11, 4, 26, 19, 12, 5, 27, 20, 13, 6, 28, 21, 14, 7, 0, 22, 15, 
9, 2, 24, 17, 10, 3, 25, 18, 11, 4, 26, 19, 12, 5, 27, 20, 13, 6, 28, 21, 14, 7, 0, 22, 15, 8, 1, 23, 16, 
10, 3, 25, 18, 11, 4, 26, 19, 12, 5, 27, 20, 13, 6, 28, 21, 14, 7, 0, 22, 15, 8, 1, 23, 16, 9, 2, 24, 17, 
11, 4, 26, 19, 12, 5, 27, 20, 13, 6, 28, 21, 14, 7, 0, 22, 15, 8, 1, 23, 16, 9, 2, 24, 17, 10, 3, 25, 18, 
12, 5, 27, 20, 13, 6, 28, 21, 14, 7, 0, 22, 15, 8, 1, 23, 16, 9, 2, 24, 17, 10, 3, 25, 18, 11, 4, 26, 19, 
13, 6, 28, 21, 14, 7, 0, 22, 15, 8, 1, 23, 16, 9, 2, 24, 17, 10, 3, 25, 18, 11, 4, 26, 19, 12, 5, 27, 20, 
14, 7, 0, 22, 15, 8, 1, 23, 16, 9, 2, 24, 17, 10, 3, 25, 18, 11, 4, 26, 19, 12, 5, 27, 20, 13, 6, 28, 21, 
15, 8, 1, 23, 16, 9, 2, 24, 17, 10, 3, 25, 18, 11, 4, 26, 19, 12, 5, 27, 20, 13, 6, 28, 21, 14, 7, 0, 22, 
16, 9, 2, 24, 17, 10, 3, 25, 18, 11, 4, 26, 19, 12, 5, 27, 20, 13, 6, 28, 21, 14, 7, 0, 22, 15, 8, 1, 23, 
17, 10, 3, 25, 18, 11, 4, 26, 19, 12, 5, 27, 20, 13, 6, 28, 21, 14, 7, 0, 22, 15, 8, 1, 23, 16, 9, 2, 24, 
18, 11, 4, 26, 19, 12, 5, 27, 20, 13, 6, 28, 21, 14, 7, 0, 22, 15, 8, 1, 23, 16, 9, 2, 24, 17, 10, 3, 25, 
19, 12, 5, 27, 20, 13, 6, 28, 21, 14, 7, 0, 22, 15, 8, 1, 23, 16, 9, 2, 24, 17, 10, 3, 25, 18, 11, 4, 26, 
20, 13, 6, 28, 21, 14, 7, 0, 22, 15, 8, 1, 23, 16, 9, 2, 24, 17, 10, 3, 25, 18, 11, 4, 26, 19, 12, 5, 27, 
21, 14, 7, 0, 22, 15, 8, 1, 23, 16, 9, 2, 24, 17, 10, 3, 25, 18, 11, 4, 26, 19, 12, 5, 27, 20, 13, 6, 28, 
22, 15, 8, 1, 23, 16, 9, 2, 24, 17, 10, 3, 25, 18, 11, 4, 26, 19, 12, 5, 27, 20, 13, 6, 28, 21, 14, 7, 0, 
23, 16, 9, 2, 24, 17, 10, 3, 25, 18, 11, 4, 26, 19, 12, 5, 27, 20, 13, 6, 28, 21, 14, 7, 0, 22, 15, 8, 1, 
24, 17, 10, 3, 25, 18, 11, 4, 26, 19, 12, 5, 27, 20, 13, 6, 28, 21, 14, 7, 0, 22, 15, 8, 1, 23, 16, 9, 2, 
25, 18, 11, 4, 26, 19, 12, 5, 27, 20, 13, 6, 28, 21, 14, 7, 0, 22, 15, 8, 1, 23, 16, 9, 2, 24, 17, 10, 3, 
26, 19, 12, 5, 27, 20, 13, 6, 28, 21, 14, 7, 0, 22, 15, 8, 1, 23, 16, 9, 2, 24, 17, 10, 3, 25, 18, 11, 4, 
27, 20, 13, 6, 28, 21, 14, 7, 0, 22, 15, 8, 1, 23, 16, 9, 2, 24, 17, 10, 3, 25, 18, 11, 4, 26, 19, 12, 5, 
28, 21, 14, 7, 0, 22, 15, 8, 1, 23, 16, 9, 2, 24, 17, 10, 3, 25, 18, 11, 4, 26, 19, 12, 5, 27, 20, 13, 6, 

Latin Square 22:
0, 23, 17, 11, 5, 28, 22, 16, 10, 4, 27, 21, 15, 9, 3, 26, 20, 14, 8, 2, 25, 19, 13, 7, 1, 24, 18, 12, 6, 
1, 24, 18, 12, 6, 0, 23, 17, 11, 5, 28, 22, 16, 10, 4, 27, 21, 15, 9, 3, 26, 20, 14, 8, 2, 25, 19, 13, 7, 
2, 25, 19, 13, 7, 1, 24, 18, 12, 6, 0, 23, 17, 11, 5, 28, 22, 16, 10, 4, 27, 21, 15, 9, 3, 26, 20, 14, 8, 
3, 26, 20, 14, 8, 2, 25, 19, 13, 7, 1, 24, 18, 12, 6, 0, 23, 17, 11, 5, 28, 22, 16, 10, 4, 27, 21, 15, 9, 
4, 27, 21, 15, 9, 3, 26, 20, 14, 8, 2, 25, 19, 13, 7, 1, 24, 18, 12, 6, 0, 23, 17, 11, 5, 28, 22, 16, 10, 
5, 28, 22, 16, 10, 4, 27, 21, 15, 9, 3, 26, 20, 14, 8, 2, 25, 19, 13, 7, 1, 24, 18, 12, 6, 0, 23, 17, 11, 
6, 0, 23, 17, 11, 5, 28, 22, 16, 10, 4, 27, 21, 15, 9, 3, 26, 20, 14, 8, 2, 25, 19, 13, 7, 1, 24, 18, 12, 
7, 1, 24, 18, 12, 6, 0, 23, 17, 11, 5, 28, 22, 16, 10, 4, 27, 21, 15, 9, 3, 26, 20, 14, 8, 2, 25, 19, 13, 
8, 2, 25, 19, 13, 7, 1, 24, 18, 12, 6, 0, 23, 17, 11, 5, 28, 22, 16, 10, 4, 27, 21, 15, 9, 3, 26, 20, 14, 
9, 3, 26, 20, 14, 8, 2, 25, 19, 13, 7, 1, 24, 18, 12, 6, 0, 23, 17, 11, 5, 28, 22, 16, 10, 4, 27, 21, 15, 
10, 4, 27, 21, 15, 9, 3, 26, 20, 14, 8, 2, 25, 19, 13, 7, 1, 24, 18, 12, 6, 0, 23, 17, 11, 5, 28, 22, 16, 
11, 5, 28, 22, 16, 10, 4, 27, 21, 15, 9, 3, 26, 20, 14, 8, 2, 25, 19, 13, 7, 1, 24, 18, 12, 6, 0, 23, 17, 
12, 6, 0, 23, 17, 11, 5, 28, 22, 16, 10, 4, 27, 21, 15, 9, 3, 26, 20, 14, 8, 2, 25, 19, 13, 7, 1, 24, 18, 
13, 7, 1, 24, 18, 12, 6, 0, 23, 17, 11, 5, 28, 22, 16, 10, 4, 27, 21, 15, 9, 3, 26, 20, 14, 8, 2, 25, 19, 
14, 8, 2, 25, 19, 13, 7, 1, 24, 18, 12, 6, 0, 23, 17, 11, 5, 28, 22, 16, 10, 4, 27, 21, 15, 9, 3, 26, 20, 
15, 9, 3, 26, 20, 14, 8, 2, 25, 19, 13, 7, 1, 24, 18, 12, 6, 0, 23, 17, 11, 5, 28, 22, 16, 10, 4, 27, 21, 
16, 10, 4, 27, 21, 15, 9, 3, 26, 20, 14, 8, 2, 25, 19, 13, 7, 1, 24, 18, 12, 6, 0, 23, 17, 11, 5, 28, 22, 
17, 11, 5, 28, 22, 16, 10, 4, 27, 21, 15, 9, 3, 26, 20, 14, 8, 2, 25, 19, 13, 7, 1, 24, 18, 12, 6, 0, 23, 
18, 12, 6, 0, 23, 17, 11, 5, 28, 22, 16, 10, 4, 27, 21, 15, 9, 3, 26, 20, 14, 8, 2, 25, 19, 13, 7, 1, 24, 
19, 13, 7, 1, 24, 18, 12, 6, 0, 23, 17, 11, 5, 28, 22, 16, 10, 4, 27, 21, 15, 9, 3, 26, 20, 14, 8, 2, 25, 
20, 14, 8, 2, 25, 19, 13, 7, 1, 24, 18, 12, 6, 0, 23, 17, 11, 5, 28, 22, 16, 10, 4, 27, 21, 15, 9, 3, 26, 
21, 15, 9, 3, 26, 20, 14, 8, 2, 25, 19, 13, 7, 1, 24, 18, 12, 6, 0, 23, 17, 11, 5, 28, 22, 16, 10, 4, 27, 
22, 16, 10, 4, 27, 21, 15, 9, 3, 26, 20, 14, 8, 2, 25, 19, 13, 7, 1, 24, 18, 12, 6, 0, 23, 17, 11, 5, 28, 
23, 17, 11, 5, 28, 22, 16, 10, 4, 27, 21, 15, 9, 3, 26, 20, 14, 8, 2, 25, 19, 13, 7, 1, 24, 18, 12, 6, 0, 
24, 18, 12, 6, 0, 23, 17, 11, 5, 28, 22, 16, 10, 4, 27, 21, 15, 9, 3, 26, 20, 14, 8, 2, 25, 19, 13, 7, 1, 
25, 19, 13, 7, 1, 24, 18, 12, 6, 0, 23, 17, 11, 5, 28, 22, 16, 10, 4, 27, 21, 15, 9, 3, 26, 20, 14, 8, 2, 
26, 20, 14, 8, 2, 25, 19, 13, 7, 1, 24, 18, 12, 6, 0, 23, 17, 11, 5, 28, 22, 16, 10, 4, 27, 21, 15, 9, 3, 
27, 21, 15, 9, 3, 26, 20, 14, 8, 2, 25, 19, 13, 7, 1, 24, 18, 12, 6, 0, 23, 17, 11, 5, 28, 22, 16, 10, 4, 
28, 22, 16, 10, 4, 27, 21, 15, 9, 3, 26, 20, 14, 8, 2, 25, 19, 13, 7, 1, 24, 18, 12, 6, 0, 23, 17, 11, 5, 

Latin Square 23:
0, 24, 19, 14, 9, 4, 28, 23, 18, 13, 8, 3, 27, 22, 17, 12, 7, 2, 26, 21, 16, 11, 6, 1, 25, 20, 15, 10, 5, 
1, 25, 20, 15, 10, 5, 0, 24, 19, 14, 9, 4, 28, 23, 18, 13, 8, 3, 27, 22, 17, 12, 7, 2, 26, 21, 16, 11, 6, 
2, 26, 21, 16, 11, 6, 1, 25, 20, 15, 10, 5, 0, 24, 19, 14, 9, 4, 28, 23, 18, 13, 8, 3, 27, 22, 17, 12, 7, 
3, 27, 22, 17, 12, 7, 2, 26, 21, 16, 11, 6, 1, 25, 20, 15, 10, 5, 0, 24, 19, 14, 9, 4, 28, 23, 18, 13, 8, 
4, 28, 23, 18, 13, 8, 3, 27, 22, 17, 12, 7, 2, 26, 21, 16, 11, 6, 1, 25, 20, 15, 10, 5, 0, 24, 19, 14, 9, 
5, 0, 24, 19, 14, 9, 4, 28, 23, 18, 13, 8, 3, 27, 22, 17, 12, 7, 2, 26, 21, 16, 11, 6, 1, 25, 20, 15, 10, 
6, 1, 25, 20, 15, 10, 5, 0, 24, 19, 14, 9, 4, 28, 23, 18, 13, 8, 3, 27, 22, 17, 12, 7, 2, 26, 21, 16, 11, 
7, 2, 26, 21, 16, 11, 6, 1, 25, 20, 15, 10, 5, 0, 24, 19, 14, 9, 4, 28, 23, 18, 13, 8, 3, 27, 22, 17, 12, 
8, 3, 27, 22, 17, 12, 7, 2, 26, 21, 16, 11, 6, 1, 25, 20, 15, 10, 5, 0, 24, 19, 14, 9, 4, 28, 23, 18, 13, 
9, 4, 28, 23, 18, 13, 8, 3, 27, 22, 17, 12, 7, 2, 26, 21, 16, 11, 6, 1, 25, 20, 15, 10, 5, 0, 24, 19, 14, 
10, 5, 0, 24, 19, 14, 9, 4, 28, 23, 18, 13, 8, 3, 27, 22, 17, 12, 7, 2, 26, 21, 16, 11, 6, 1, 25, 20, 15, 
11, 6, 1, 25, 20, 15, 10, 5, 0, 24, 19, 14, 9, 4, 28, 23, 18, 13, 8, 3, 27, 22, 17, 12, 7, 2, 26, 21, 16, 
12, 7, 2, 26, 21, 16, 11, 6, 1, 25, 20, 15, 10, 5, 0, 24, 19, 14, 9, 4, 28, 23, 18, 13, 8, 3, 27, 22, 17, 
13, 8, 3, 27, 22, 17, 12, 7, 2, 26, 21, 16, 11, 6, 1, 25, 20, 15, 10, 5, 0, 24, 19, 14, 9, 4, 28, 23, 18, 
14, 9, 4, 28, 23, 18, 13, 8, 3, 27, 22, 17, 12, 7, 2, 26, 21, 16, 11, 6, 1, 25, 20, 15, 10, 5, 0, 24, 19, 
15, 10, 5, 0, 24, 19, 14, 9, 4, 28, 23, 18, 13, 8, 3, 27, 22, 17, 12, 7, 2, 26, 21, 16, 11, 6, 1, 25, 20, 
16, 11, 6, 1, 25, 20, 15, 10, 5, 0, 24, 19, 14, 9, 4, 28, 23, 18, 13, 8, 3, 27, 22, 17, 12, 7, 2, 26, 21, 
17, 12, 7, 2, 26, 21, 16, 11, 6, 1, 25, 20, 15, 10, 5, 0, 24, 19, 14, 9, 4, 28, 23, 18, 13, 8, 3, 27, 22, 
18, 13, 8, 3, 27, 22, 17, 12, 7, 2, 26, 21, 16, 11, 6, 1, 25, 20, 15, 10, 5, 0, 24, 19, 14, 9, 4, 28, 23, 
19, 14, 9, 4, 28, 23, 18, 13, 8, 3, 27, 22, 17, 12, 7, 2, 26, 21, 16, 11, 6, 1, 25, 20, 15, 10, 5, 0, 24, 
20, 15, 10, 5, 0, 24, 19, 14, 9, 4, 28, 23, 18, 13, 8, 3, 27, 22, 17, 12, 7, 2, 26, 21, 16, 11, 6, 1, 25, 
21, 16, 11, 6, 1, 25, 20, 15, 10, 5, 0, 24, 19, 14, 9, 4, 28, 23, 18, 13, 8, 3, 27, 22, 17, 12, 7, 2, 26, 
22, 17, 12, 7, 2, 26, 21, 16, 11, 6, 1, 25, 20, 15, 10, 5, 0, 24, 19, 14, 9, 4, 28, 23, 18, 13, 8, 3, 27, 
23, 18, 13, 8, 3, 27, 22, 17, 12, 7, 2, 26, 21, 16, 11, 6, 1, 25, 20, 15, 10, 5, 0, 24, 19, 14, 9, 4, 28, 
24, 19, 14, 9, 4, 28, 23, 18, 13, 8, 3, 27, 22, 17, 12, 7, 2, 26, 21, 16, 11, 6, 1, 25, 20, 15, 10, 5, 0, 
25, 20, 15, 10, 5, 0, 24, 19, 14, 9, 4, 28, 23, 18, 13, 8, 3, 27, 22, 17, 12, 7, 2, 26, 21, 16, 11, 6, 1, 
26, 21, 16, 11, 6, 1, 25, 20, 15, 10, 5, 0, 24, 19, 14, 9, 4, 28, 23, 18, 13, 8, 3, 27, 22, 17, 12, 7, 2, 
27, 22, 17, 12, 7, 2, 26, 21, 16, 11, 6, 1, 25, 20, 15, 10, 5, 0, 24, 19, 14, 9, 4, 28, 23, 18, 13, 8, 3, 
28, 23, 18, 13, 8, 3, 27, 22, 17, 12, 7, 2, 26, 21, 16, 11, 6, 1, 25, 20, 15, 10, 5, 0, 24, 19, 14, 9, 4, 

Latin Square 24:
0, 25, 21, 17, 13, 9, 5, 1, 26, 22, 18, 14, 10, 6, 2, 27, 23, 19, 15, 11, 7, 3, 28, 24, 20, 16, 12, 8, 4, 
1, 26, 22, 18, 14, 10, 6, 2, 27, 23, 19, 15, 11, 7, 3, 28, 24, 20, 16, 12, 8, 4, 0, 25, 21, 17, 13, 9, 5, 
2, 27, 23, 19, 15, 11, 7, 3, 28, 24, 20, 16, 12, 8, 4, 0, 25, 21, 17, 13, 9, 5, 1, 26, 22, 18, 14, 10, 6, 
3, 28, 24, 20, 16, 12, 8, 4, 0, 25, 21, 17, 13, 9, 5, 1, 26, 22, 18, 14, 10, 6, 2, 27, 23, 19, 15, 11, 7, 
4, 0, 25, 21, 17, 13, 9, 5, 1, 26, 22, 18, 14, 10, 6, 2, 27, 23, 19, 15, 11, 7, 3, 28, 24, 20, 16, 12, 8, 
5, 1, 26, 22, 18, 14, 10, 6, 2, 27, 23, 19, 15, 11, 7, 3, 28, 24, 20, 16, 12, 8, 4, 0, 25, 21, 17, 13, 9, 
6, 2, 27, 23, 19, 15, 11, 7, 3, 28, 24, 20, 16, 12, 8, 4, 0, 25, 21, 17, 13, 9, 5, 1, 26, 22, 18, 14, 10, 
7, 3, 28, 24, 20, 16, 12, 8, 4, 0, 25, 21, 17, 13, 9, 5, 1, 26, 22, 18, 14, 10, 6, 2, 27, 23, 19, 15, 11, 
8, 4, 0, 25, 21, 17, 13, 9, 5, 1, 26, 22, 18, 14, 10, 6, 2, 27, 23, 19, 15, 11, 7, 3, 28, 24, 20, 16, 12, 
9, 5, 1, 26, 22, 18, 14, 10, 6, 2, 27, 23, 19, 15, 11, 7, 3, 28, 24, 20, 16, 12, 8, 4, 0, 25, 21, 17, 13, 
10, 6, 2, 27, 23, 19, 15, 11, 7, 3, 28, 24, 20, 16, 12, 8, 4, 0, 25, 21, 17, 13, 9, 5, 1, 26, 22, 18, 14, 
11, 7, 3, 28, 24, 20, 16, 12, 8, 4, 0, 25, 21, 17, 13, 9, 5, 1, 26, 22, 18, 14, 10, 6, 2, 27, 23, 19, 15, 
12, 8, 4, 0, 25, 21, 17, 13, 9, 5, 1, 26, 22, 18, 14, 10, 6, 2, 27, 23, 19, 15, 11, 7, 3, 28, 24, 20, 16, 
13, 9, 5, 1, 26, 22, 18, 14, 10, 6, 2, 27, 23, 19, 15, 11, 7, 3, 28, 24, 20, 16, 12, 8, 4, 0, 25, 21, 17, 
14, 10, 6, 2, 27, 23, 19, 15, 11, 7, 3, 28, 24, 20, 16, 12, 8, 4, 0, 25, 21, 17, 13, 9, 5, 1, 26, 22, 18, 
15, 11, 7, 3, 28, 24, 20, 16, 12, 8, 4, 0, 25, 21, 17, 13, 9, 5, 1, 26, 22, 18, 14, 10, 6, 2, 27, 23, 19, 
16, 12, 8, 4, 0, 25, 21, 17, 13, 9, 5, 1, 26, 22, 18, 14, 10, 6, 2, 27, 23, 19, 15, 11, 7, 3, 28, 24, 20, 
17, 13, 9, 5, 1, 26, 22, 18, 14, 10, 6, 2, 27, 23, 19, 15, 11, 7, 3, 28, 24, 20, 16, 12, 8, 4, 0, 25, 21, 
18, 14, 10, 6, 2, 27, 23, 19, 15, 11, 7, 3, 28, 24, 20, 16, 12, 8, 4, 0, 25, 21, 17, 13, 9, 5, 1, 26, 22, 
19, 15, 11, 7, 3, 28, 24, 20, 16, 12, 8, 4, 0, 25, 21, 17, 13, 9, 5, 1, 26, 22, 18, 14, 10, 6, 2, 27, 23, 
20, 16, 12, 8, 4, 0, 25, 21, 17, 13, 9, 5, 1, 26, 22, 18, 14, 10, 6, 2, 27, 23, 19, 15, 11, 7, 3, 28, 24, 
21, 17, 13, 9, 5, 1, 26, 22, 18, 14, 10, 6, 2, 27, 23, 19, 15, 11, 7, 3, 28, 24, 20, 16, 12, 8, 4, 0, 25, 
22, 18, 14, 10, 6, 2, 27, 23, 19, 15, 11, 7, 3, 28, 24, 20, 16, 12, 8, 4, 0, 25, 21, 17, 13, 9, 5, 1, 26, 
23, 19, 15, 11, 7, 3, 28, 24, 20, 16, 12, 8, 4, 0, 25, 21, 17, 13, 9, 5, 1, 26, 22, 18, 14, 10, 6, 2, 27, 
24, 20, 16, 12, 8, 4, 0, 25, 21, 17, 13, 9, 5, 1, 26, 22, 18, 14, 10, 6, 2, 27, 23, 19, 15, 11, 7, 3, 28, 
25, 21, 17, 13, 9, 5, 1, 26, 22, 18, 14, 10, 6, 2, 27, 23, 19, 15, 11, 7, 3, 28, 24, 20, 16, 12, 8, 4, 0, 
26, 22, 18, 14, 10, 6, 2, 27, 23, 19, 15, 11, 7, 3, 28, 24, 20, 16, 12, 8, 4, 0, 25, 21, 17, 13, 9, 5, 1, 
27, 23, 19, 15, 11, 7, 3, 28, 24, 20, 16, 12, 8, 4, 0, 25, 21, 17, 13, 9, 5, 1, 26, 22, 18, 14, 10, 6, 2, 
28, 24, 20, 16, 12, 8, 4, 0, 25, 21, 17, 13, 9, 5, 1, 26, 22, 18, 14, 10, 6, 2, 27, 23, 19, 15, 11, 7, 3, 

Latin Square 25:
0, 26, 23, 20, 17, 14, 11, 8, 5, 2, 28, 25, 22, 19, 16, 13, 10, 7, 4, 1, 27, 24, 21, 18, 15, 12, 9, 6, 3, 
1, 27, 24, 21, 18, 15, 12, 9, 6, 3, 0, 26, 23, 20, 17, 14, 11, 8, 5, 2, 28, 25, 22, 19, 16, 13, 10, 7, 4, 
2, 28, 25, 22, 19, 16, 13, 10, 7, 4, 1, 27, 24, 21, 18, 15, 12, 9, 6, 3, 0, 26, 23, 20, 17, 14, 11, 8, 5, 
3, 0, 26, 23, 20, 17, 14, 11, 8, 5, 2, 28, 25, 22, 19, 16, 13, 10, 7, 4, 1, 27, 24, 21, 18, 15, 12, 9, 6, 
4, 1, 27, 24, 21, 18, 15, 12, 9, 6, 3, 0, 26, 23, 20, 17, 14, 11, 8, 5, 2, 28, 25, 22, 19, 16, 13, 10, 7, 
5, 2, 28, 25, 22, 19, 16, 13, 10, 7, 4, 1, 27, 24, 21, 18, 15, 12, 9, 6, 3, 0, 26, 23, 20, 17, 14, 11, 8, 
6, 3, 0, 26, 23, 20, 17, 14, 11, 8, 5, 2, 28, 25, 22, 19, 16, 13, 10, 7, 4, 1, 27, 24, 21, 18, 15, 12, 9, 
7, 4, 1, 27, 24, 21, 18, 15, 12, 9, 6, 3, 0, 26, 23, 20, 17, 14, 11, 8, 5, 2, 28, 25, 22, 19, 16, 13, 10, 
8, 5, 2, 28, 25, 22, 19, 16, 13, 10, 7, 4, 1, 27, 24, 21, 18, 15, 12, 9, 6, 3, 0, 26, 23, 20, 17, 14, 11, 
9, 6, 3, 0, 26, 23, 20, 17, 14, 11, 8, 5, 2, 28, 25, 22, 19, 16, 13, 10, 7, 4, 1, 27, 24, 21, 18, 15, 12, 
10, 7, 4, 1, 27, 24, 21, 18, 15, 12, 9, 6, 3, 0, 26, 23, 20, 17, 14, 11, 8, 5, 2, 28, 25, 22, 19, 16, 13, 
11, 8, 5, 2, 28, 25, 22, 19, 16, 13, 10, 7, 4, 1, 27, 24, 21, 18, 15, 12, 9, 6, 3, 0, 26, 23, 20, 17, 14, 
12, 9, 6, 3, 0, 26, 23, 20, 17, 14, 11, 8, 5, 2, 28, 25, 22, 19, 16, 13, 10, 7, 4, 1, 27, 24, 21, 18, 15, 
13, 10, 7, 4, 1, 27, 24, 21, 18, 15, 12, 9, 6, 3, 0, 26, 23, 20, 17, 14, 11, 8, 5, 2, 28, 25, 22, 19, 16, 
14, 11, 8, 5, 2, 28, 25, 22, 19, 16, 13, 10, 7, 4, 1, 27, 24, 21, 18, 15, 12, 9, 6, 3, 0, 26, 23, 20, 17, 
15, 12, 9, 6, 3, 0, 26, 23, 20, 17, 14, 11, 8, 5, 2, 28, 25, 22, 19, 16, 13, 10, 7, 4, 1, 27, 24, 21, 18, 
16, 13, 10, 7, 4, 1, 27, 24, 21, 18, 15, 12, 9, 6, 3, 0, 26, 23, 20, 17, 14, 11, 8, 5, 2, 28, 25, 22, 19, 
17, 14, 11, 8, 5, 2, 28, 25, 22, 19, 16, 13, 10, 7, 4, 1, 27, 24, 21, 18, 15, 12, 9, 6, 3, 0, 26, 23, 20, 
18, 15, 12, 9, 6, 3, 0, 26, 23, 20, 17, 14, 11, 8, 5, 2, 28, 25, 22, 19, 16, 13, 10, 7, 4, 1, 27, 24, 21, 
19, 16, 13, 10, 7, 4, 1, 27, 24, 21, 18, 15, 12, 9, 6, 3, 0, 26, 23, 20, 17, 14, 11, 8, 5, 2, 28, 25, 22, 
20, 17, 14, 11, 8, 5, 2, 28, 25, 22, 19, 16, 13, 10, 7, 4, 1, 27, 24, 21, 18, 15, 12, 9, 6, 3, 0, 26, 23, 
21, 18, 15, 12, 9, 6, 3, 0, 26, 23, 20, 17, 14, 11, 8, 5, 2, 28, 25, 22, 19, 16, 13, 10, 7, 4, 1, 27, 24, 
22, 19, 16, 13, 10, 7, 4, 1, 27, 24, 21, 18, 15, 12, 9, 6, 3, 0, 26, 23, 20, 17, 14, 11, 8, 5, 2, 28, 25, 
23, 20, 17, 14, 11, 8, 5, 2, 28, 25, 22, 19, 16, 13, 10, 7, 4, 1, 27, 24, 21, 18, 15, 12, 9, 6, 3, 0, 26, 
24, 21, 18, 15, 12, 9, 6, 3, 0, 26, 23, 20, 17, 14, 11, 8, 5, 2, 28, 25, 22, 19, 16, 13, 10, 7, 4, 1, 27, 
25, 22, 19, 16, 13, 10, 7, 4, 1, 27, 24, 21, 18, 15, 12, 9, 6, 3, 0, 26, 23, 20, 17, 14, 11, 8, 5, 2, 28, 
26, 23, 20, 17, 14, 11, 8, 5, 2, 28, 25, 22, 19, 16, 13, 10, 7, 4, 1, 27, 24, 21, 18, 15, 12, 9, 6, 3, 0, 
27, 24, 21, 18, 15, 12, 9, 6, 3, 0, 26, 23, 20, 17, 14, 11, 8, 5, 2, 28, 25, 22, 19, 16, 13, 10, 7, 4, 1, 
28, 25, 22, 19, 16, 13, 10, 7, 4, 1, 27, 24, 21, 18, 15, 12, 9, 6, 3, 0, 26, 23, 20, 17, 14, 11, 8, 5, 2, 

Latin Square 26:
0, 27, 25, 23, 21, 19, 17, 15, 13, 11, 9, 7, 5, 3, 1, 28, 26, 24, 22, 20, 18, 16, 14, 12, 10, 8, 6, 4, 2, 
1, 28, 26, 24, 22, 20, 18, 16, 14, 12, 10, 8, 6, 4, 2, 0, 27, 25, 23, 21, 19, 17, 15, 13, 11, 9, 7, 5, 3, 
2, 0, 27, 25, 23, 21, 19, 17, 15, 13, 11, 9, 7, 5, 3, 1, 28, 26, 24, 22, 20, 18, 16, 14, 12, 10, 8, 6, 4, 
3, 1, 28, 26, 24, 22, 20, 18, 16, 14, 12, 10, 8, 6, 4, 2, 0, 27, 25, 23, 21, 19, 17, 15, 13, 11, 9, 7, 5, 
4, 2, 0, 27, 25, 23, 21, 19, 17, 15, 13, 11, 9, 7, 5, 3, 1, 28, 26, 24, 22, 20, 18, 16, 14, 12, 10, 8, 6, 
5, 3, 1, 28, 26, 24, 22, 20, 18, 16, 14, 12, 10, 8, 6, 4, 2, 0, 27, 25, 23, 21, 19, 17, 15, 13, 11, 9, 7, 
6, 4, 2, 0, 27, 25, 23, 21, 19, 17, 15, 13, 11, 9, 7, 5, 3, 1, 28, 26, 24, 22, 20, 18, 16, 14, 12, 10, 8, 
7, 5, 3, 1, 28, 26, 24, 22, 20, 18, 16, 14, 12, 10, 8, 6, 4, 2, 0, 27, 25, 23, 21, 19, 17, 15, 13, 11, 9, 
8, 6, 4, 2, 0, 27, 25, 23, 21, 19, 17, 15, 13, 11, 9, 7, 5, 3, 1, 28, 26, 24, 22, 20, 18, 16, 14, 12, 10, 
9, 7, 5, 3, 1, 28, 26, 24, 22, 20, 18, 16, 14, 12, 10, 8, 6, 4, 2, 0, 27, 25, 23, 21, 19, 17, 15, 13, 11, 
10, 8, 6, 4, 2, 0, 27, 25, 23, 21, 19, 17, 15, 13, 11, 9, 7, 5, 3, 1, 28, 26, 24, 22, 20, 18, 16, 14, 12, 
11, 9, 7, 5, 3, 1, 28, 26, 24, 22, 20, 18, 16, 14, 12, 10, 8, 6, 4, 2, 0, 27, 25, 23, 21, 19, 17, 15, 13, 
12, 10, 8, 6, 4, 2, 0, 27, 25, 23, 21, 19, 17, 15, 13, 11, 9, 7, 5, 3, 1, 28, 26, 24, 22, 20, 18, 16, 14, 
13, 11, 9, 7, 5, 3, 1, 28, 26, 24, 22, 20, 18, 16, 14, 12, 10, 8, 6, 4, 2, 0, 27, 25, 23, 21, 19, 17, 15, 
14, 12, 10, 8, 6, 4, 2, 0, 27, 25, 23, 21, 19, 17, 15, 13, 11, 9, 7, 5, 3, 1, 28, 26, 24, 22, 20, 18, 16, 
15, 13, 11, 9, 7, 5, 3, 1, 28, 26, 24, 22, 20, 18, 16, 14, 12, 10, 8, 6, 4, 2, 0, 27, 25, 23, 21, 19, 17, 
16, 14, 12, 10, 8, 6, 4, 2, 0, 27, 25, 23, 21, 19, 17, 15, 13, 11, 9, 7, 5, 3, 1, 28, 26, 24, 22, 20, 18, 
17, 15, 13, 11, 9, 7, 5, 3, 1, 28, 26, 24, 22, 20, 18, 16, 14, 12, 10, 8, 6, 4, 2, 0, 27, 25, 23, 21, 19, 
18, 16, 14, 12, 10, 8, 6, 4, 2, 0, 27, 25, 23, 21, 19, 17, 15, 13, 11, 9, 7, 5, 3, 1, 28, 26, 24, 22, 20, 
19, 17, 15, 13, 11, 9, 7, 5, 3, 1, 28, 26, 24, 22, 20, 18, 16, 14, 12, 10, 8, 6, 4, 2, 0, 27, 25, 23, 21, 
20, 18, 16, 14, 12, 10, 8, 6, 4, 2, 0, 27, 25, 23, 21, 19, 17, 15, 13, 11, 9, 7, 5, 3, 1, 28, 26, 24, 22, 
21, 19, 17, 15, 13, 11, 9, 7, 5, 3, 1, 28, 26, 24, 22, 20, 18, 16, 14, 12, 10, 8, 6, 4, 2, 0, 27, 25, 23, 
22, 20, 18, 16, 14, 12, 10, 8, 6, 4, 2, 0, 27, 25, 23, 21, 19, 17, 15, 13, 11, 9, 7, 5, 3, 1, 28, 26, 24, 
23, 21, 19, 17, 15, 13, 11, 9, 7, 5, 3, 1, 28, 26, 24, 22, 20, 18, 16, 14, 12, 10, 8, 6, 4, 2, 0, 27, 25, 
24, 22, 20, 18, 16, 14, 12, 10, 8, 6, 4, 2, 0, 27, 25, 23, 21, 19, 17, 15, 13, 11, 9, 7, 5, 3, 1, 28, 26, 
25, 23, 21, 19, 17, 15, 13, 11, 9, 7, 5, 3, 1, 28, 26, 24, 22, 20, 18, 16, 14, 12, 10, 8, 6, 4, 2, 0, 27, 
26, 24, 22, 20, 18, 16, 14, 12, 10, 8, 6, 4, 2, 0, 27, 25, 23, 21, 19, 17, 15, 13, 11, 9, 7, 5, 3, 1, 28, 
27, 25, 23, 21, 19, 17, 15, 13, 11, 9, 7, 5, 3, 1, 28, 26, 24, 22, 20, 18, 16, 14, 12, 10, 8, 6, 4, 2, 0, 
28, 26, 24, 22, 20, 18, 16, 14, 12, 10, 8, 6, 4, 2, 0, 27, 25, 23, 21, 19, 17, 15, 13, 11, 9, 7, 5, 3, 1, 

Latin Square 27:
0, 28, 27, 26, 25, 24, 23, 22, 21, 20, 19, 18, 17, 16, 15, 14, 13, 12, 11, 10, 9, 8, 7, 6, 5, 4, 3, 2, 1, 
1, 0, 28, 27, 26, 25, 24, 23, 22, 21, 20, 19, 18, 17, 16, 15, 14, 13, 12, 11, 10, 9, 8, 7, 6, 5, 4, 3, 2, 
2, 1, 0, 28, 27, 26, 25, 24, 23, 22, 21, 20, 19, 18, 17, 16, 15, 14, 13, 12, 11, 10, 9, 8, 7, 6, 5, 4, 3, 
3, 2, 1, 0, 28, 27, 26, 25, 24, 23, 22, 21, 20, 19, 18, 17, 16, 15, 14, 13, 12, 11, 10, 9, 8, 7, 6, 5, 4, 
4, 3, 2, 1, 0, 28, 27, 26, 25, 24, 23, 22, 21, 20, 19, 18, 17, 16, 15, 14, 13, 12, 11, 10, 9, 8, 7, 6, 5, 
5, 4, 3, 2, 1, 0, 28, 27, 26, 25, 24, 23, 22, 21, 20, 19, 18, 17, 16, 15, 14, 13, 12, 11, 10, 9, 8, 7, 6, 
6, 5, 4, 3, 2, 1, 0, 28, 27, 26, 25, 24, 23, 22, 21, 20, 19, 18, 17, 16, 15, 14, 13, 12, 11, 10, 9, 8, 7, 
7, 6, 5, 4, 3, 2, 1, 0, 28, 27, 26, 25, 24, 23, 22, 21, 20, 19, 18, 17, 16, 15, 14, 13, 12, 11, 10, 9, 8, 
8, 7, 6, 5, 4, 3, 2, 1, 0, 28, 27, 26, 25, 24, 23, 22, 21, 20, 19, 18, 17, 16, 15, 14, 13, 12, 11, 10, 9, 
9, 8, 7, 6, 5, 4, 3, 2, 1, 0, 28, 27, 26, 25, 24, 23, 22, 21, 20, 19, 18, 17, 16, 15, 14, 13, 12, 11, 10, 
10, 9, 8, 7, 6, 5, 4, 3, 2, 1, 0, 28, 27, 26, 25, 24, 23, 22, 21, 20, 19, 18, 17, 16, 15, 14, 13, 12, 11, 
11, 10, 9, 8, 7, 6, 5, 4, 3, 2, 1, 0, 28, 27, 26, 25, 24, 23, 22, 21, 20, 19, 18, 17, 16, 15, 14, 13, 12, 
12, 11, 10, 9, 8, 7, 6, 5, 4, 3, 2, 1, 0, 28, 27, 26, 25, 24, 23, 22, 21, 20, 19, 18, 17, 16, 15, 14, 13, 
13, 12, 11, 10, 9, 8, 7, 6, 5, 4, 3, 2, 1, 0, 28, 27, 26, 25, 24, 23, 22, 21, 20, 19, 18, 17, 16, 15, 14, 
14, 13, 12, 11, 10, 9, 8, 7, 6, 5, 4, 3, 2, 1, 0, 28, 27, 26, 25, 24, 23, 22, 21, 20, 19, 18, 17, 16, 15, 
15, 14, 13, 12, 11, 10, 9, 8, 7, 6, 5, 4, 3, 2, 1, 0, 28, 27, 26, 25, 24, 23, 22, 21, 20, 19, 18, 17, 16, 
16, 15, 14, 13, 12, 11, 10, 9, 8, 7, 6, 5, 4, 3, 2, 1, 0, 28, 27, 26, 25, 24, 23, 22, 21, 20, 19, 18, 17, 
17, 16, 15, 14, 13, 12, 11, 10, 9, 8, 7, 6, 5, 4, 3, 2, 1, 0, 28, 27, 26, 25, 24, 23, 22, 21, 20, 19, 18, 
18, 17, 16, 15, 14, 13, 12, 11, 10, 9, 8, 7, 6, 5, 4, 3, 2, 1, 0, 28, 27, 26, 25, 24, 23, 22, 21, 20, 19, 
19, 18, 17, 16, 15, 14, 13, 12, 11, 10, 9, 8, 7, 6, 5, 4, 3, 2, 1, 0, 28, 27, 26, 25, 24, 23, 22, 21, 20, 
20, 19, 18, 17, 16, 15, 14, 13, 12, 11, 10, 9, 8, 7, 6, 5, 4, 3, 2, 1, 0, 28, 27, 26, 25, 24, 23, 22, 21, 
21, 20, 19, 18, 17, 16, 15, 14, 13, 12, 11, 10, 9, 8, 7, 6, 5, 4, 3, 2, 1, 0, 28, 27, 26, 25, 24, 23, 22, 
22, 21, 20, 19, 18, 17, 16, 15, 14, 13, 12, 11, 10, 9, 8, 7, 6, 5, 4, 3, 2, 1, 0, 28, 27, 26, 25, 24, 23, 
23, 22, 21, 20, 19, 18, 17, 16, 15, 14, 13, 12, 11, 10, 9, 8, 7, 6, 5, 4, 3, 2, 1, 0, 28, 27, 26, 25, 24, 
24, 23, 22, 21, 20, 19, 18, 17, 16, 15, 14, 13, 12, 11, 10, 9, 8, 7, 6, 5, 4, 3, 2, 1, 0, 28, 27, 26, 25, 
25, 24, 23, 22, 21, 20, 19, 18, 17, 16, 15, 14, 13, 12, 11, 10, 9, 8, 7, 6, 5, 4, 3, 2, 1, 0, 28, 27, 26, 
26, 25, 24, 23, 22, 21, 20, 19, 18, 17, 16, 15, 14, 13, 12, 11, 10, 9, 8, 7, 6, 5, 4, 3, 2, 1, 0, 28, 27, 
27, 26, 25, 24, 23, 22, 21, 20, 19, 18, 17, 16, 15, 14, 13, 12, 11, 10, 9, 8, 7, 6, 5, 4, 3, 2, 1, 0, 28, 
28, 27, 26, 25, 24, 23, 22, 21, 20, 19, 18, 17, 16, 15, 14, 13, 12, 11, 10, 9, 8, 7, 6, 5, 4, 3, 2, 1, 0, 

